0.6169199999809265
0.7689600000572204
0.8126799999237061
0.8444400001716614
0.8622000002670288
0.8764800001144409
0.8747200002670288
0.8881600002479553
0.8988800001144409
0.9050000002098083
0.9168400002479553
0.9209599999427796
0.9314800003051757
0.8891200003051758
0.9317200002479553
0.9443200003051758
0.9497600002479554
0.9520400000000000
0.9542000001525879
0.9542800000000000
0.9593600001525879
0.9515600000572204
0.9694800002479553
0.9617600001525879
0.9238800003051758
0.9207600000572205
0.9543600000572204
0.9665200001525879
0.9531600001525878
0.9624800002479553
