0.6112000000190735
0.7519200002098083
0.8115200002861023
0.8444000000381470
0.8592799999809265
0.8732800001716614
0.8652000001144409
0.8768800002670288
0.8935200000190735
0.9056400002098084
0.9131200003051758
0.9268000003051757
0.9337600001525879
0.9371200001525879
0.9402800001525878
0.9436000000572204
0.8935200002098084
0.9328400000000000
0.9290400002479553
0.9456800002479553
0.9534800001525879
0.9617600002479553
0.9637200000953674
0.9524400000000000
0.9531600001525878
0.9493200000000001
0.9690400002479553
0.9676400001525879
0.9651200000953675
0.9691600000000000
