0.6186400002670288
0.7657600002098084
0.8078800002479554
0.8474000000762939
0.8664000000190735
0.8797600001716613
0.8908400000762939
0.9014800001144410
0.9101600002098084
0.9031200002098083
0.9135999999618530
0.9193999999618531
0.9092400000190735
0.8818800000762940
0.9130000002479554
0.9350800002098083
0.9166000002479553
0.9366400003051758
0.9410800000000000
0.9506800002098084
0.9537200003051758
0.9566800003051757
0.9613200002098083
0.9560400002479553
0.9624000003051758
0.9635600000572204
0.9715600002479553
0.9666800001525879
0.9766000000381470
0.9770800002479553
