0.6191600000190735
0.7617200000572205
0.8135599999237061
0.8447600002670288
0.8639200001716614
0.8810799999618530
0.8927599999618531
0.8997600002098084
0.9012400002098083
0.9081600000572204
0.9185600001525879
0.9246400000572205
0.9308000001525879
0.9354800003051758
0.9067600002479553
0.9143600000000000
0.9253600002479553
0.9357600002479554
0.9381600001144409
0.9290000001144409
0.9196400002098083
0.9122000002098084
0.9206800001144410
0.9259200002670288
0.9373599999618530
0.9602800003051758
0.9532000002479554
0.9648000002098084
0.9653200002479553
0.9700400003051758
