0.6159999999046326
0.7725599999046325
0.8164400001907348
0.8424000001335145
0.8570399999809265
0.8748800000762940
0.8846800000190734
0.8961200001144409
0.8940799999618531
0.9182400000572205
0.9214000001525879
0.9201200000572205
0.9333600001525879
0.9367600000572205
0.9444000002479553
0.9423599999618530
0.9448800001525879
0.9500400003051758
0.9138000002479553
0.9340800002861023
0.9388400002861023
0.9421199999427795
0.9635199999427796
0.9405200000000000
0.9435200001525879
0.9396800002098084
0.9589200000572204
0.9748400002479554
0.9754799999427796
0.9696800000000000
