0.6736800074577332
0.8317599892616272
0.8991199731826782
0.935479998588562
0.9463599920272827
0.9455999732017517
0.9687600135803223
0.9760800004005432
0.9752799868583679
0.983680009841919
0.9582399725914001
0.980400025844574
0.9878799915313721
0.989799976348877
0.9943600296974182
0.9925199747085571
0.9902799725532532
0.9929199814796448
0.9968799948692322
0.9975200295448303
0.9973199963569641
0.9986400008201599
0.9982399940490723
0.9988800287246704
0.9955999851226807
0.9924399852752686
0.9965199828147888
0.9982399940490723
0.991159975528717
0.996399998664856