0.8451600074768066
0.9269199967384338
0.9504799842834473
0.9631999731063843
0.9732400178909302
0.9732800126075745
0.9836000204086304
0.9861199855804443
0.9877600073814392
0.9806399941444397
0.9906399846076965
0.9955199956893921
0.9899600148200989
0.9902799725532532
0.9903600215911865
0.9939600229263306
0.9951599836349487
0.997759997844696
0.9982399940490723
0.9972800016403198
0.9987199902534485
0.9962400197982788
0.9909200072288513
0.9983199834823608
0.9994800090789795
0.9996799826622009
0.9995599985122681
0.9998000264167786
0.9997199773788452
0.9998800158500671