0.7554000020027161
0.9154800176620483
0.9518799781799316
0.9560400247573853
0.9574800133705139
0.9670000076293945
0.9676799774169922
0.9848399758338928
0.9900799989700317
0.9854400157928467
0.9939200282096863
0.9942399859428406
0.9953600168228149
0.9939200282096863
0.9969199895858765
0.9983199834823608
0.9790800213813782
0.9936400055885315
0.998199999332428
0.998520016670227
0.9994400143623352
0.9978799819946289
0.9984400272369385
0.9884799718856812
0.9972800016403198
0.9996399879455566
0.9958400130271912
0.9996799826622009
0.9807199835777283
0.9989200234413147