0.840399980545044
0.9259200096130371
0.9518799781799316
0.9595999717712402
0.9735999703407288
0.9259600043296814
0.9830800294876099
0.9887599945068359
0.9898800253868103
0.9883999824523926
0.9902799725532532
0.9942399859428406
0.9965999722480774
0.997759997844696
0.9894400238990784
0.9973999857902527
0.9991999864578247
0.9994800090789795
0.9948800206184387
0.9906799793243408
0.9991999864578247
0.9901999831199646
0.9992799758911133
0.9978399872779846
0.9983199834823608
0.9987599849700928
0.9980000257492065
0.9972800016403198
0.9997199773788452
0.998199999332428