0.6927199959754944
0.828719973564148
0.9228399991989136
0.9495199918746948
0.9614800214767456
0.9684000015258789
0.9734799861907959
0.9811999797821045
0.9849200248718262
0.9828799962997437
0.9861599802970886
0.9857199788093567
0.9901999831199646
0.9934399724006653
0.991159975528717
0.9942399859428406
0.9958800077438354
0.9949600100517273
0.9948400259017944
0.9959200024604797
0.9935600161552429
0.9956799745559692
0.9987199902534485
0.9988399744033813
0.997759997844696
0.9917600154876709
0.9945999979972839
0.9895200133323669
0.9968000054359436
0.9991599917411804