9.002499999999999947e-01
9.312333333333333574e-01
9.465333333333333377e-01
9.553000000000000380e-01
9.608666666666666467e-01
9.650499999999999634e-01
9.683166666666667144e-01
9.708666666666666556e-01
9.727666666666666684e-01
9.744000000000000439e-01
9.755833333333333579e-01
9.770333333333333092e-01
9.781166666666666343e-01
9.789333333333333220e-01
9.798166666666666691e-01
9.805833333333333623e-01
9.814333333333333798e-01
9.820833333333333082e-01
9.827000000000000179e-01
9.832833333333332870e-01
9.839499999999999913e-01
9.842999999999999527e-01
9.848666666666666680e-01
9.852666666666666240e-01
9.855333333333333723e-01
9.859999999999999876e-01
9.862999999999999545e-01
9.865333333333333732e-01
9.868500000000000050e-01
9.871499999999999719e-01
9.874666666666667147e-01
9.876833333333333576e-01
9.879499999999999948e-01
9.882999999999999563e-01
9.885833333333333695e-01
9.887833333333333474e-01
9.889666666666666606e-01
9.891333333333333089e-01
9.893999999999999462e-01
9.895333333333333758e-01
9.897000000000000242e-01
9.898666666666666725e-01
9.899000000000000021e-01
9.899999999999999911e-01
9.901333333333333098e-01
9.902333333333332988e-01
9.903166666666666229e-01
9.904666666666667174e-01
9.905833333333333712e-01
9.907833333333333492e-01
9.908333333333333437e-01
9.910166666666666568e-01
9.911499999999999755e-01
9.913499999999999535e-01
9.914666666666667183e-01
9.915333333333333776e-01
9.916666666666666963e-01
9.917666666666666853e-01
9.918666666666666742e-01
9.919000000000000039e-01
9.921499999999999764e-01
9.922666666666666302e-01
9.924500000000000544e-01
9.925166666666667137e-01
9.925500000000000433e-01
9.926500000000000323e-01
9.927333333333333565e-01
9.928666666666666751e-01
9.928833333333333400e-01
9.930333333333333234e-01
9.930833333333333179e-01
9.931833333333333069e-01
9.932166666666666366e-01
9.932333333333333014e-01
9.932999999999999607e-01
9.933166666666666256e-01
9.933666666666666201e-01
9.934500000000000552e-01
9.935166666666667146e-01
9.935666666666667091e-01
9.935833333333333739e-01
9.936666666666666980e-01
9.937333333333333574e-01
9.938333333333333464e-01
9.938833333333333409e-01
9.939500000000000002e-01
9.939500000000000002e-01
9.939833333333333298e-01
9.940166666666666595e-01
9.940166666666666595e-01
9.940499999999999892e-01
9.940499999999999892e-01
9.940999999999999837e-01
9.941999999999999726e-01
9.941999999999999726e-01
9.942166666666666375e-01
9.942333333333333023e-01
9.942666666666666320e-01
9.943666666666666210e-01
9.943666666666666210e-01
9.944166666666666154e-01
9.944666666666667210e-01
9.944666666666667210e-01
9.945333333333333803e-01
9.945666666666667100e-01
9.945666666666667100e-01
9.945833333333333748e-01
9.945833333333333748e-01
9.946166666666667044e-01
9.946666666666666989e-01
9.946833333333333638e-01
9.946833333333333638e-01
9.947333333333333583e-01
9.947666666666666879e-01
9.947833333333333528e-01
9.948333333333333472e-01
9.948500000000000121e-01
9.948833333333333417e-01
9.949000000000000066e-01
9.949166666666666714e-01
9.949166666666666714e-01
9.949833333333333307e-01
9.950333333333333252e-01
9.950666666666666549e-01
9.950999999999999845e-01
9.951499999999999790e-01
9.951499999999999790e-01
9.951499999999999790e-01
9.951999999999999735e-01
9.952333333333333032e-01
9.953166666666666273e-01
9.953333333333332922e-01
9.953333333333332922e-01
9.954333333333332812e-01
9.955000000000000515e-01
9.955000000000000515e-01
9.955500000000000460e-01
9.955666666666667108e-01
9.956000000000000405e-01
9.956833333333333647e-01
9.957333333333333591e-01
9.957833333333333536e-01
9.958333333333333481e-01
9.958500000000000130e-01
9.959166666666666723e-01
9.959666666666666668e-01
9.959999999999999964e-01
9.960333333333333261e-01
9.960666666666666558e-01
9.960666666666666558e-01
9.960833333333333206e-01
9.960999999999999854e-01
9.961499999999999799e-01
9.961666666666666448e-01
9.962333333333333041e-01
9.962499999999999689e-01
9.962666666666666337e-01
9.962666666666666337e-01
9.962833333333332986e-01
9.962833333333332986e-01
9.963166666666666282e-01
9.963333333333332931e-01
9.963499999999999579e-01
9.963833333333332876e-01
9.964166666666666172e-01
9.964666666666666117e-01
9.964833333333333876e-01
9.965000000000000524e-01
9.964833333333333876e-01
9.965166666666667172e-01
9.965333333333333821e-01
9.965333333333333821e-01
9.965500000000000469e-01
9.965500000000000469e-01
9.965500000000000469e-01
9.966000000000000414e-01
9.966333333333333711e-01
9.966333333333333711e-01
9.967000000000000304e-01
9.967333333333333600e-01
9.968333333333333490e-01
9.968166666666666842e-01
9.968666666666666787e-01
9.968333333333333490e-01
9.968500000000000139e-01
9.968666666666666787e-01
9.968833333333333435e-01
9.969166666666666732e-01
9.969500000000000028e-01
9.969500000000000028e-01
9.969833333333333325e-01
9.970166666666666622e-01
9.970333333333333270e-01
9.970833333333333215e-01
9.971333333333333160e-01
9.971333333333333160e-01
9.971666666666666456e-01
9.971999999999999753e-01
9.972166666666666401e-01
9.972499999999999698e-01
