9.037333333333333885e-01
9.352000000000000313e-01
9.503000000000000336e-01
9.586500000000000021e-01
9.636166666666666769e-01
9.671666666666666190e-01
9.702666666666667217e-01
9.730499999999999705e-01
9.747333333333333405e-01
9.762666666666666160e-01
9.777666666666666728e-01
9.787333333333333441e-01
9.795333333333333670e-01
9.802833333333332844e-01
9.812499999999999556e-01
9.817500000000000115e-01
9.823666666666667213e-01
9.830166666666666497e-01
9.834833333333333760e-01
9.838500000000000023e-01
9.843166666666666176e-01
9.845500000000000362e-01
9.848000000000000087e-01
9.852166666666666295e-01
9.855833333333333668e-01
9.857500000000000151e-01
9.860999999999999766e-01
9.862999999999999545e-01
9.864166666666667194e-01
9.866333333333333622e-01
9.867333333333333512e-01
9.869499999999999940e-01
9.870999999999999774e-01
9.873666666666666147e-01
9.875000000000000444e-01
9.877500000000000169e-01
9.879166666666666652e-01
9.880666666666666487e-01
9.882833333333332915e-01
9.883666666666666156e-01
9.885500000000000398e-01
9.887500000000000178e-01
9.888666666666666716e-01
9.890166666666666551e-01
9.891166666666666440e-01
9.892333333333332979e-01
9.893499999999999517e-01
9.895000000000000462e-01
9.896166666666667000e-01
9.897500000000000187e-01
9.898500000000000076e-01
9.899166666666666670e-01
9.900833333333333153e-01
9.901999999999999691e-01
9.903166666666666229e-01
9.904166666666666119e-01
9.905666666666667064e-01
9.906833333333333602e-01
9.907833333333333492e-01
9.908500000000000085e-01
9.909833333333333272e-01
9.911166666666666458e-01
9.912499999999999645e-01
9.913666666666666183e-01
9.914166666666666128e-01
9.914666666666667183e-01
9.915333333333333776e-01
9.916500000000000314e-01
9.917333333333333556e-01
9.917833333333333501e-01
9.918666666666666742e-01
9.918666666666666742e-01
9.918833333333333391e-01
9.919666666666666632e-01
9.919666666666666632e-01
9.920833333333333171e-01
9.921666666666666412e-01
9.921999999999999709e-01
9.922499999999999654e-01
9.922999999999999599e-01
9.924833333333333840e-01
9.925666666666667082e-01
9.926500000000000323e-01
9.927166666666666917e-01
9.927833333333333510e-01
9.928333333333333455e-01
9.928833333333333400e-01
9.929499999999999993e-01
9.930166666666666586e-01
9.930666666666666531e-01
9.931166666666666476e-01
9.931833333333333069e-01
9.931999999999999718e-01
9.932666666666666311e-01
9.933166666666666256e-01
9.933666666666666201e-01
9.934666666666667201e-01
9.935333333333333794e-01
9.935500000000000442e-01
9.936166666666667036e-01
9.937000000000000277e-01
9.937666666666666870e-01
9.938000000000000167e-01
9.938666666666666760e-01
9.939333333333333353e-01
9.939833333333333298e-01
9.940499999999999892e-01
9.940666666666666540e-01
9.940999999999999837e-01
9.940999999999999837e-01
9.942166666666666375e-01
9.942833333333332968e-01
9.942833333333332968e-01
9.943499999999999561e-01
9.943833333333332858e-01
9.943999999999999506e-01
9.944833333333333858e-01
9.945833333333333748e-01
9.946000000000000396e-01
9.946166666666667044e-01
9.946333333333333693e-01
9.946666666666666989e-01
9.947166666666666934e-01
9.947500000000000231e-01
9.948333333333333472e-01
9.949000000000000066e-01
9.949833333333333307e-01
9.949833333333333307e-01
9.950666666666666549e-01
9.951166666666666494e-01
9.951499999999999790e-01
9.951833333333333087e-01
9.951999999999999735e-01
9.951833333333333087e-01
9.952166666666666384e-01
9.952499999999999680e-01
9.952499999999999680e-01
9.952833333333332977e-01
9.952833333333332977e-01
9.953166666666666273e-01
9.953166666666666273e-01
9.953333333333332922e-01
9.953833333333332867e-01
9.954166666666666163e-01
9.954666666666667219e-01
9.954666666666667219e-01
9.955500000000000460e-01
9.956166666666667053e-01
9.956500000000000350e-01
9.956833333333333647e-01
9.957000000000000295e-01
9.957000000000000295e-01
9.957500000000000240e-01
9.958166666666666833e-01
9.958833333333333426e-01
9.959166666666666723e-01
9.959500000000000020e-01
9.959999999999999964e-01
9.960333333333333261e-01
9.960666666666666558e-01
9.960833333333333206e-01
9.960833333333333206e-01
9.961999999999999744e-01
9.961999999999999744e-01
9.961833333333333096e-01
9.962166666666666393e-01
9.962166666666666393e-01
9.961999999999999744e-01
9.962666666666666337e-01
9.962666666666666337e-01
9.962666666666666337e-01
9.962833333333332986e-01
9.962999999999999634e-01
9.962999999999999634e-01
9.963999999999999524e-01
9.963999999999999524e-01
9.964333333333332821e-01
9.964666666666666117e-01
9.964833333333333876e-01
9.965333333333333821e-01
9.965833333333333766e-01
9.965833333333333766e-01
9.966166666666667062e-01
9.966000000000000414e-01
9.966666666666667007e-01
9.967000000000000304e-01
9.967166666666666952e-01
9.967833333333333545e-01
9.967833333333333545e-01
9.968166666666666842e-01
9.968166666666666842e-01
9.969000000000000083e-01
9.969333333333333380e-01
9.969666666666666677e-01
9.969999999999999973e-01
9.970333333333333270e-01
9.970333333333333270e-01
9.970666666666666567e-01
9.970833333333333215e-01
9.971166666666666512e-01
