9.106499999999999595e-01
9.414666666666666739e-01
9.552666666666667084e-01
9.624333333333333629e-01
9.676333333333333453e-01
9.706166666666666831e-01
9.730333333333333057e-01
9.748166666666666647e-01
9.763166666666667215e-01
9.774666666666667059e-01
9.785333333333333661e-01
9.793666666666667187e-01
9.800999999999999712e-01
9.808666666666666645e-01
9.816666666666666874e-01
9.822833333333332861e-01
9.830833333333333091e-01
9.836166666666666947e-01
9.840499999999999803e-01
9.844333333333333824e-01
9.849833333333333218e-01
9.853333333333332833e-01
9.856000000000000316e-01
9.859666666666666579e-01
9.862666666666666249e-01
9.864500000000000490e-01
9.866833333333333567e-01
9.869333333333333291e-01
9.870333333333333181e-01
9.873833333333332796e-01
9.875500000000000389e-01
9.878333333333333410e-01
9.880666666666666487e-01
9.883499999999999508e-01
9.885166666666667101e-01
9.886500000000000288e-01
9.887166666666666881e-01
9.888333333333333419e-01
9.889666666666666606e-01
9.891999999999999682e-01
9.894333333333333869e-01
9.895500000000000407e-01
9.897000000000000242e-01
9.898166666666666780e-01
9.899333333333333318e-01
9.900333333333333208e-01
9.902999999999999581e-01
9.904166666666666119e-01
9.906000000000000361e-01
9.907166666666666899e-01
9.908000000000000140e-01
9.908500000000000085e-01
9.909333333333333327e-01
9.910666666666666513e-01
9.911833333333333051e-01
9.913499999999999535e-01
9.915500000000000425e-01
9.916166666666667018e-01
9.917166666666666908e-01
9.918166666666666798e-01
9.919666666666666632e-01
9.920333333333333226e-01
9.920999999999999819e-01
9.922166666666666357e-01
9.922666666666666302e-01
9.923166666666666247e-01
9.923666666666666192e-01
9.924666666666667192e-01
9.925333333333333785e-01
9.926166666666667027e-01
9.927500000000000213e-01
9.928166666666666806e-01
9.928833333333333400e-01
9.929999999999999938e-01
9.929999999999999938e-01
9.930999999999999828e-01
9.931666666666666421e-01
9.932333333333333014e-01
9.932499999999999662e-01
9.932833333333332959e-01
9.933333333333332904e-01
9.934333333333332794e-01
9.934333333333332794e-01
9.935500000000000442e-01
9.935833333333333739e-01
9.936333333333333684e-01
9.937666666666666870e-01
9.937833333333333519e-01
9.938500000000000112e-01
9.939333333333333353e-01
9.939666666666666650e-01
9.939833333333333298e-01
9.940499999999999892e-01
9.941166666666666485e-01
9.941666666666666430e-01
9.942333333333333023e-01
9.942833333333332968e-01
9.943333333333332913e-01
9.943499999999999561e-01
9.943666666666666210e-01
9.943833333333332858e-01
9.943999999999999506e-01
9.944833333333333858e-01
9.946000000000000396e-01
9.946666666666666989e-01
9.946833333333333638e-01
9.947166666666666934e-01
9.947833333333333528e-01
9.947833333333333528e-01
9.948166666666666824e-01
9.948500000000000121e-01
9.949166666666666714e-01
9.949666666666666659e-01
9.950166666666666604e-01
9.950666666666666549e-01
9.950833333333333197e-01
9.951333333333333142e-01
9.952166666666666384e-01
9.952499999999999680e-01
9.952666666666666329e-01
9.953499999999999570e-01
9.953666666666666218e-01
9.954499999999999460e-01
9.955166666666667163e-01
9.955666666666667108e-01
9.955833333333333757e-01
9.956166666666667053e-01
9.956500000000000350e-01
9.957333333333333591e-01
9.958000000000000185e-01
9.958000000000000185e-01
9.958166666666666833e-01
9.958666666666666778e-01
9.959333333333333371e-01
9.959333333333333371e-01
9.959666666666666668e-01
9.959999999999999964e-01
9.960166666666666613e-01
9.960499999999999909e-01
9.961333333333333151e-01
9.961499999999999799e-01
9.961666666666666448e-01
9.961499999999999799e-01
9.961499999999999799e-01
9.961499999999999799e-01
9.961666666666666448e-01
9.961833333333333096e-01
9.962166666666666393e-01
9.962666666666666337e-01
9.962833333333332986e-01
9.963499999999999579e-01
9.963999999999999524e-01
9.964666666666666117e-01
9.964833333333333876e-01
9.965333333333333821e-01
9.965666666666667117e-01
9.966000000000000414e-01
9.966166666666667062e-01
9.966333333333333711e-01
9.967333333333333600e-01
9.967666666666666897e-01
9.967833333333333545e-01
9.967833333333333545e-01
9.968166666666666842e-01
9.968500000000000139e-01
9.968833333333333435e-01
9.968666666666666787e-01
9.968833333333333435e-01
9.969166666666666732e-01
9.969500000000000028e-01
9.969500000000000028e-01
9.969833333333333325e-01
9.969999999999999973e-01
9.969999999999999973e-01
9.970499999999999918e-01
9.970833333333333215e-01
9.971333333333333160e-01
9.971666666666666456e-01
9.971666666666666456e-01
9.971833333333333105e-01
9.972166666666666401e-01
9.972166666666666401e-01
9.972166666666666401e-01
9.972333333333333050e-01
9.972499999999999698e-01
9.972833333333332995e-01
9.973166666666666291e-01
9.973333333333332940e-01
9.973333333333332940e-01
9.973499999999999588e-01
9.973833333333332885e-01
9.973999999999999533e-01
9.974166666666666181e-01
9.974333333333332829e-01
9.974333333333332829e-01
9.974333333333332829e-01
9.974333333333332829e-01
9.974333333333332829e-01
9.974333333333332829e-01
9.974166666666666181e-01
