9.230500000000000371e-01
9.486499999999999932e-01
9.584166666666666945e-01
9.638999999999999790e-01
9.675500000000000211e-01
9.703333333333333810e-01
9.722666666666666124e-01
9.738166666666666638e-01
9.754333333333333744e-01
9.766500000000000181e-01
9.777166666666666783e-01
9.787000000000000144e-01
9.795333333333333670e-01
9.803500000000000547e-01
9.809333333333333238e-01
9.813499999999999446e-01
9.817833333333333412e-01
9.823333333333332806e-01
9.827333333333333476e-01
9.831999999999999629e-01
9.836333333333333595e-01
9.839833333333333210e-01
9.843166666666666176e-01
9.846000000000000307e-01
9.848999999999999977e-01
9.852499999999999591e-01
9.854333333333333833e-01
9.857500000000000151e-01
9.859833333333333227e-01
9.863499999999999490e-01
9.866166666666666973e-01
9.868833333333333346e-01
9.870499999999999829e-01
9.871166666666666423e-01
9.872833333333332906e-01
9.873666666666666147e-01
9.875500000000000389e-01
9.876666666666666927e-01
9.878500000000000059e-01
9.880666666666666487e-01
9.881833333333333025e-01
9.883333333333332860e-01
9.884166666666667211e-01
9.885333333333333750e-01
9.885500000000000398e-01
9.887333333333333529e-01
9.888666666666666716e-01
9.889999999999999902e-01
9.891166666666666440e-01
9.891833333333333034e-01
9.892999999999999572e-01
9.894333333333333869e-01
9.895666666666667055e-01
9.897666666666666835e-01
9.898166666666666780e-01
9.899499999999999966e-01
9.900499999999999856e-01
9.902833333333332932e-01
9.904333333333333877e-01
9.905333333333333767e-01
9.906500000000000306e-01
9.908000000000000140e-01
9.908500000000000085e-01
9.909833333333333272e-01
9.910499999999999865e-01
9.910833333333333162e-01
9.911999999999999700e-01
9.912666666666666293e-01
9.914333333333333886e-01
9.914666666666667183e-01
9.915833333333333721e-01
9.917000000000000259e-01
9.918000000000000149e-01
9.919000000000000039e-01
9.920166666666666577e-01
9.920999999999999819e-01
9.921499999999999764e-01
9.922166666666666357e-01
9.923833333333332840e-01
9.924500000000000544e-01
9.924666666666667192e-01
9.925333333333333785e-01
9.925833333333333730e-01
9.926833333333333620e-01
9.927666666666666861e-01
9.927666666666666861e-01
9.929166666666666696e-01
9.929333333333333345e-01
9.929999999999999938e-01
9.931333333333333124e-01
9.932166666666666366e-01
9.933333333333332904e-01
9.933999999999999497e-01
9.934666666666667201e-01
9.935000000000000497e-01
9.935500000000000442e-01
9.936000000000000387e-01
9.936666666666666980e-01
9.936666666666666980e-01
9.937333333333333574e-01
9.937833333333333519e-01
9.937833333333333519e-01
9.939000000000000057e-01
9.939000000000000057e-01
9.939500000000000002e-01
9.940333333333333243e-01
9.940833333333333188e-01
9.940999999999999837e-01
9.941166666666666485e-01
9.941666666666666430e-01
9.941999999999999726e-01
9.942166666666666375e-01
9.942999999999999616e-01
9.943833333333332858e-01
9.943999999999999506e-01
9.944333333333332803e-01
9.944333333333332803e-01
9.944833333333333858e-01
9.945000000000000506e-01
9.945500000000000451e-01
9.945666666666667100e-01
9.945666666666667100e-01
9.946000000000000396e-01
9.946666666666666989e-01
9.946833333333333638e-01
9.947500000000000231e-01
9.947833333333333528e-01
9.947666666666666879e-01
9.948166666666666824e-01
9.948666666666666769e-01
9.949166666666666714e-01
9.949000000000000066e-01
9.949333333333333362e-01
9.949500000000000011e-01
9.949833333333333307e-01
9.949666666666666659e-01
9.950166666666666604e-01
9.950833333333333197e-01
9.951166666666666494e-01
9.951666666666666439e-01
9.951833333333333087e-01
9.951999999999999735e-01
9.952333333333333032e-01
9.952499999999999680e-01
9.953333333333332922e-01
9.953833333333332867e-01
9.953999999999999515e-01
9.954333333333332812e-01
9.954333333333332812e-01
9.954333333333332812e-01
9.954666666666667219e-01
9.954499999999999460e-01
9.954833333333333867e-01
9.955666666666667108e-01
9.955833333333333757e-01
9.956000000000000405e-01
9.956333333333333702e-01
9.956500000000000350e-01
9.957000000000000295e-01
9.957000000000000295e-01
9.957166666666666943e-01
9.957500000000000240e-01
9.957500000000000240e-01
9.957833333333333536e-01
9.958166666666666833e-01
9.958166666666666833e-01
9.958666666666666778e-01
9.959000000000000075e-01
9.959333333333333371e-01
9.959833333333333316e-01
9.960333333333333261e-01
9.960499999999999909e-01
9.960833333333333206e-01
9.961333333333333151e-01
9.961833333333333096e-01
9.962166666666666393e-01
9.962833333333332986e-01
9.963166666666666282e-01
9.963499999999999579e-01
9.963333333333332931e-01
9.963499999999999579e-01
9.963999999999999524e-01
9.964166666666666172e-01
9.964333333333332821e-01
9.964499999999999469e-01
9.964333333333332821e-01
9.964666666666666117e-01
9.964833333333333876e-01
9.965000000000000524e-01
9.965333333333333821e-01
9.965500000000000469e-01
9.965500000000000469e-01
9.965666666666667117e-01
9.965666666666667117e-01
9.965666666666667117e-01
9.965666666666667117e-01
9.965666666666667117e-01
9.965666666666667117e-01
9.965666666666667117e-01
9.965833333333333766e-01
