9.266166666666666440e-01
9.504500000000000171e-01
9.609166666666666412e-01
9.667666666666666631e-01
9.705166666666666941e-01
9.730166666666666409e-01
9.754666666666667041e-01
9.769833333333333147e-01
9.784000000000000474e-01
9.795333333333333670e-01
9.802666666666666195e-01
9.811999999999999611e-01
9.821499999999999675e-01
9.827166666666666828e-01
9.831833333333332980e-01
9.835833333333333650e-01
9.842666666666666231e-01
9.845500000000000362e-01
9.850499999999999812e-01
9.854333333333333833e-01
9.857666666666666799e-01
9.861833333333333007e-01
9.865666666666667028e-01
9.868333333333333401e-01
9.871333333333333071e-01
9.873833333333332796e-01
9.875500000000000389e-01
9.878833333333333355e-01
9.881166666666666432e-01
9.883166666666666211e-01
9.885833333333333695e-01
9.887500000000000178e-01
9.889666666666666606e-01
9.891999999999999682e-01
9.893999999999999462e-01
9.894666666666667165e-01
9.897166666666666890e-01
9.899999999999999911e-01
9.901499999999999746e-01
9.903166666666666229e-01
9.903999999999999471e-01
9.905666666666667064e-01
9.907333333333333547e-01
9.909666666666666623e-01
9.910166666666666568e-01
9.911166666666666458e-01
9.912166666666666348e-01
9.913166666666666238e-01
9.913833333333332831e-01
9.914333333333333886e-01
9.915500000000000425e-01
9.916666666666666963e-01
9.917333333333333556e-01
9.918333333333333446e-01
9.918833333333333391e-01
9.919666666666666632e-01
9.920499999999999874e-01
9.921166666666666467e-01
9.922333333333333005e-01
9.924333333333332785e-01
9.924500000000000544e-01
9.925666666666667082e-01
9.927500000000000213e-01
9.928166666666666806e-01
9.928833333333333400e-01
9.930166666666666586e-01
9.930499999999999883e-01
9.930999999999999828e-01
9.931666666666666421e-01
9.931999999999999718e-01
9.932666666666666311e-01
9.932833333333332959e-01
9.933833333333332849e-01
9.934166666666666146e-01
9.934500000000000552e-01
9.934666666666667201e-01
9.935500000000000442e-01
9.936166666666667036e-01
9.936833333333333629e-01
9.937666666666666870e-01
9.938666666666666760e-01
9.939333333333333353e-01
9.939999999999999947e-01
9.940999999999999837e-01
9.942333333333333023e-01
9.943166666666666265e-01
9.943833333333332858e-01
9.944333333333332803e-01
9.945166666666667155e-01
9.945666666666667100e-01
9.945666666666667100e-01
9.946500000000000341e-01
9.947333333333333583e-01
9.948166666666666824e-01
9.949833333333333307e-01
9.950333333333333252e-01
9.950499999999999901e-01
9.950999999999999845e-01
9.951333333333333142e-01
9.951333333333333142e-01
9.951666666666666439e-01
9.951999999999999735e-01
9.951999999999999735e-01
9.952666666666666329e-01
9.953166666666666273e-01
9.953166666666666273e-01
9.953833333333332867e-01
9.954333333333332812e-01
9.955000000000000515e-01
9.955333333333333812e-01
9.955666666666667108e-01
9.955500000000000460e-01
9.955500000000000460e-01
9.955666666666667108e-01
9.955833333333333757e-01
9.956000000000000405e-01
9.956333333333333702e-01
9.956333333333333702e-01
9.956333333333333702e-01
9.957000000000000295e-01
9.957666666666666888e-01
9.958000000000000185e-01
9.958166666666666833e-01
9.958500000000000130e-01
9.958500000000000130e-01
9.959000000000000075e-01
9.959833333333333316e-01
9.959999999999999964e-01
9.960499999999999909e-01
9.960499999999999909e-01
9.960999999999999854e-01
9.961333333333333151e-01
9.961499999999999799e-01
9.961499999999999799e-01
9.961499999999999799e-01
9.961666666666666448e-01
9.962166666666666393e-01
9.962166666666666393e-01
9.962333333333333041e-01
9.962333333333333041e-01
9.962833333333332986e-01
9.963499999999999579e-01
9.963666666666666227e-01
9.963833333333332876e-01
9.964166666666666172e-01
9.964499999999999469e-01
9.964499999999999469e-01
9.964666666666666117e-01
9.965000000000000524e-01
9.965000000000000524e-01
9.965000000000000524e-01
9.965000000000000524e-01
9.965166666666667172e-01
9.965333333333333821e-01
9.965500000000000469e-01
9.965833333333333766e-01
9.966000000000000414e-01
9.966166666666667062e-01
9.966166666666667062e-01
9.966333333333333711e-01
9.966333333333333711e-01
9.966333333333333711e-01
9.966333333333333711e-01
9.966500000000000359e-01
9.966833333333333655e-01
9.967000000000000304e-01
9.967166666666666952e-01
9.967333333333333600e-01
9.967333333333333600e-01
9.967833333333333545e-01
9.967833333333333545e-01
9.967833333333333545e-01
9.968000000000000194e-01
9.968500000000000139e-01
9.968666666666666787e-01
9.969333333333333380e-01
9.969500000000000028e-01
9.969500000000000028e-01
9.969666666666666677e-01
9.969999999999999973e-01
9.969999999999999973e-01
9.970166666666666622e-01
9.970333333333333270e-01
9.970333333333333270e-01
9.970666666666666567e-01
9.970666666666666567e-01
9.970999999999999863e-01
9.971166666666666512e-01
9.971666666666666456e-01
9.971666666666666456e-01
9.972166666666666401e-01
9.972166666666666401e-01
9.972499999999999698e-01
9.972833333333332995e-01
9.972666666666666346e-01
9.972666666666666346e-01
9.972833333333332995e-01
9.973166666666666291e-01
9.973166666666666291e-01
9.973666666666666236e-01
