0.26212000846862793
0.6361799836158752
0.5730199813842773
0.7710999846458435
0.6929000020027161
0.8615999817848206
0.9050400257110596
0.8911399841308594
0.927299976348877
0.8877000212669373
0.8907399773597717
0.9424999952316284
0.856660008430481
0.9530400037765503
0.914900004863739
0.9419599771499634
0.8867800235748291
0.9607999920845032
0.9783400297164917
0.9711199998855591
0.9676799774169922
0.9896000027656555
0.9795600175857544
0.9809600114822388
0.9898999929428101
0.9401999711990356
0.9872000217437744
0.9560800194740295
0.9871000051498413
0.9965999722480774
0.9939600229263306
0.9929599761962891
0.978659987449646
0.966759979724884
0.9948400259017944
0.9879400134086609
0.9922400116920471
0.9795799851417542
0.9980599880218506
0.9985799789428711
0.995140016078949
0.9876800179481506
0.964680016040802
0.9890000224113464
0.9908999800682068
0.998960018157959
0.9991199970245361
0.9914399981498718
0.9991999864578247
0.9986199736595154
0.9988399744033813
0.9993600249290466
0.9989799857139587
0.9953600168228149
0.9927399754524231
0.9954800009727478
0.9586399793624878
0.9986600279808044
0.9998000264167786
0.9959999918937683
0.9999200105667114
0.9998800158500671
0.997439980506897
0.9950199723243713
0.9963799715042114
0.997979998588562
0.9993000030517578
0.9944000244140625
0.9972800016403198
0.991159975528717
0.9963200092315674
0.9996600151062012
0.9997199773788452
0.9852200150489807
0.9998400211334229
0.9492599964141846
0.9969000220298767
0.9991400241851807
0.9906600117683411
0.9998599886894226
0.9998400211334229
0.9990400075912476
1
0.9999799728393555
0.9998800158500671
0.9999799728393555
1
1
1
1
1
1
1
1
1
1
1
1
1
1
1
1
1
1
1
1
1
1
1
1
1
1
1
1
1
1
1
1
1
1
1
1
1
1
1
1
1
1
1
1
1
1
1
1
1
1
1
1
1
1
1
1
1
1
1
1
1
1
1
1
1
1
1
1
1
1
1
1
1
1
1
1
1
1
1
1
1
1
1
1
1
1
1
1
1
1
1
1
1
1
1
1
1
1
1
0.9951599836349487
1
1
1
1
1
1
1
1
1
1
1
1
1
1