0.40097999572753906
0.7000200152397156
0.7788599729537964
0.7583199739456177
0.8300999999046326
0.8618599772453308
0.8734400272369385
0.851580023765564
0.937279999256134
0.9359400272369385
0.9276599884033203
0.9498400092124939
0.8962799906730652
0.9541000127792358
0.9767600297927856
0.9485800266265869
0.9749000072479248
0.946340024471283
0.9824000000953674
0.953540027141571
0.9726399779319763
0.9697200059890747
0.9785400032997131
0.9707599878311157
0.9750800132751465
0.9720199704170227
0.9907199740409851
0.9827600121498108
0.920199990272522
0.9933800101280212
0.97843998670578
0.9859799742698669
0.990119993686676
0.9946200251579285
0.9888399839401245
0.9914199709892273
0.9876400232315063
0.9974200129508972
0.9952399730682373
0.9865599870681763
0.9985799789428711
0.9991000294685364
0.9995200037956238
0.9998400211334229
0.9998000264167786
0.9777799844741821
0.9944000244140625
0.997759997844696
0.9909399747848511
0.9974600076675415
0.999779999256134
0.997160017490387
0.9993799924850464
0.9965599775314331
0.9997400045394897
0.9999399781227112
1
1
1
1
1
1
1
1
1
1
1
1
1
1
1
1
1
1
1
1
1
1
1
1
1
1
1
1
1
1
1
1
1
1
1
1
1
1
1
1
1
1
1
1
1
1
1
1
1
1
1
1
1
1
1
1
1
1
1
1
1
1
1
1
1
1
1
1
1
1
1
1
1
1
1
1
1
1
1
1
1
1
1
1
1
1
1
1
1
1
1
1
1
1
1
1
1
1
1
1
1
1
1
1
1
1
1
1
1
1
1
1
1
1
1
1
1
1
1
1
1
1
1
1
1
1
1
1
1
1
1
1
1
1
1
1
1
1
1
1
1
1
1
1