0.3246000111103058
0.6992800235748291
0.7562800049781799
0.7477200031280518
0.8072199821472168
0.8285800218582153
0.7747799754142761
0.8206999897956848
0.9192399978637695
0.9006400108337402
0.8266000151634216
0.9756399989128113
0.9646199941635132
0.9583200216293335
0.8910199999809265
0.9414399862289429
0.9719399809837341
0.9663400053977966
0.941860020160675
0.950659990310669
0.9538000226020813
0.9826800227165222
0.9937000274658203
0.9641199707984924
0.9761599898338318
0.971780002117157
0.9838399887084961
0.991599977016449
0.9900400042533875
0.9844599962234497
0.9936400055885315
0.9739199876785278
0.9819200038909912
0.995199978351593
0.9925199747085571
0.999459981918335
0.9950799942016602
0.9966800212860107
0.9996399879455566
0.9999200105667114
0.9998599886894226
0.9953600168228149
1
1
0.9999399781227112
1
1
1
1
1
1
1
1
1
1
0.9999799728393555
1
1
1
1
1
1
1
1
1
0.9999399781227112
1
1
1
1
1
1
1
1
1
1
1
1
1
1
1
1
0.9999799728393555
1
1
1
1
1
1
1
1
1
1
1
1
1
1
1
1
1
1
1
1
1
1
1
1
1
1
1
1
1
1
1
1
1
1
1
1
1
1
1
1
1
1
1
1
1
1
1
1
1
1
1
1
1
1
1
1
1
1
1
1
1
1
1
1
1
1
1
1
1
1
1
1
1
1
1
1
1
1
1
1
1
1
1
1
1
1
1
1
1
1
1
1
1
1
1
1
1
1
1
1
1
1
1
1
1
1
1
1
1
1
1
1
1
1
1
1
1