0.1682399958372116
0.7014600038528442
0.7380399703979492
0.7401599884033203
0.6969799995422363
0.8876799941062927
0.7898200154304504
0.769860029220581
0.851859986782074
0.8540199995040894
0.9297599792480469
0.9317200183868408
0.9616199731826782
0.9099599719047546
0.9387199878692627
0.9142000079154968
0.9843599796295166
0.9259799718856812
0.9551600217819214
0.971340000629425
0.977620005607605
0.9858999848365784
0.9593999981880188
0.9922400116920471
0.9709200263023376
0.9892600178718567
0.9538599848747253
0.9926999807357788
0.9890400171279907
0.9335600137710571
0.9160000085830688
0.9760599732398987
0.9907199740409851
0.9936000108718872
0.9872599840164185
0.9980400204658508
0.9957600235939026
0.9934800267219543
0.9880399703979492
0.9976400136947632
0.9948199987411499
0.9937199950218201
0.9958000183105469
0.9987199902534485
0.9947800040245056
0.9983000159263611
0.9968799948692322
0.9958199858665466
0.9945799708366394
0.9944000244140625
0.9975200295448303
0.996399998664856
0.9888399839401245
0.9964200258255005
0.9980800151824951
0.9888200163841248
0.9991999864578247
0.9986799955368042
0.9987199902534485
0.9994800090789795
0.9929999709129333
0.9990599751472473
0.9815000295639038
0.9928799867630005
0.9966199994087219
0.9993000030517578
0.9974600076675415
0.9993600249290466
0.9999200105667114
0.9997599720954895
0.9998800158500671
1
1
1
1
1
1
1
1
1
1
1
1
1
1
1
1
1
1
1
1
1
1
1
1
1
1
1
1
1
1
1
1
1
1
1
1
1
1
1
1
1
1
1
1
1
1
1
1
1
1
1
1
1
1
1
1
1
1
1
1
1
1
1
1
1
1
1
1
1
1
1
1
1
1
1
1
1
1
1
1
1
1
1
1
1
1
1
1
1
1
1
1
1
1
1
1
1
1
1
1
1
1
1
1
1
1
1
1
1
1
1
1
1
1
1
1
1
1
1
1
1
1
1
1
1
1
1
1
1