0.20134000480175018
0.6644200086593628
0.6726199984550476
0.8392000198364258
0.8626599907875061
0.7098600268363953
0.9002199769020081
0.9158400297164917
0.8233199715614319
0.906440019607544
0.9110599756240845
0.9665799736976624
0.9237800240516663
0.957319974899292
0.9282600283622742
0.941100001335144
0.9519199728965759
0.9662200212478638
0.9788600206375122
0.9696000218391418
0.9629799723625183
0.9686400294303894
0.9899399876594543
0.9874200224876404
0.977180004119873
0.9340400099754333
0.9812399744987488
0.9863600134849548
0.9835000038146973
0.9869599938392639
0.9927600026130676
0.9714400172233582
0.9655799865722656
0.9965599775314331
0.9317399859428406
0.9833199977874756
0.9946399927139282
0.9933599829673767
0.9916999936103821
0.9884200096130371
0.9980800151824951
0.9968199729919434
0.999180018901825
0.9854999780654907
0.9905800223350525
0.9989399909973145
0.9833999872207642
0.9978399872779846
0.9884999990463257
0.9982200264930725
0.9985799789428711
0.9958800077438354
0.9901999831199646
0.993939995765686
0.9986199736595154
0.9967799782752991
0.9962999820709229
0.9977999925613403
0.994979977607727
0.9937999844551086
0.9970800280570984
0.9990400075912476
0.999459981918335
0.9997000098228455
0.9998199939727783
0.9984999895095825
0.9982600212097168
0.9999799728393555
1
0.9994000196456909
0.8942199945449829
0.9937800168991089
0.992139995098114
0.9939000010490417
0.9965400099754333
0.9956799745559692
0.9925000071525574
0.9987000226974487
0.9978399872779846
0.9998999834060669
0.9999799728393555
1
0.9995399713516235
0.9998999834060669
1
0.9998400211334229
1
0.9998599886894226
1
1
1
1
1
1
1
1
1
1
1
1
1
1
1
1
1
1
1
1
1
1
1
1
1
1
1
1
1
1
1
1
1
1
1
1
1
1
1
1
1
1
1
1
1
1
1
1
1
1
1
1
1
1
1
1
1
1
1
1
1
1
1
1
1
1
1
1
1
1
1
1
1
1
1
1
1
1
1
1
1
1
1
1
1
1
1
1
1
1
1
1
1
1
1
1
1
1
1
1
1
1
1
1
1
1
1
1
1
1
1
1