0.61887999999999999
0.74404000000000003
0.79471999999999998
0.83391999999999999
0.84392
0.85468
0.86672000000000005
0.87771999999999994
0.88431999999999999
0.89204000000000006
0.89892000000000005
0.90656000000000003
0.90991999999999995
0.91632000000000002
0.9214
0.92627999999999999
0.93520000000000003
0.90600000000000003
0.94347999999999999
0.94799999999999995
0.94896000000000003
0.94472
0.95511999999999997
0.94896000000000003
0.96099999999999997
0.96116000000000001
0.96543999999999996
0.95696000000000003
0.94284000000000001
0.95720000000000005
