0.61163999999999996
0.76732
0.7984
0.83211999999999997
0.84843999999999997
0.85992000000000002
0.87080000000000002
0.87995999999999996
0.89024000000000003
0.89803999999999995
0.90432000000000001
0.90983999999999998
0.89871999999999996
0.91444000000000003
0.91727999999999998
0.92700000000000005
0.93091999999999997
0.93584000000000001
0.92771999999999999
0.94608000000000003
0.93932000000000004
0.94852000000000003
0.95176000000000005
0.95408000000000004
0.91388000000000003
0.87687999999999999
0.94608000000000003
0.92088000000000003
0.95364000000000004
0.96679999999999999
