0.60987999999999998
0.77024000000000004
0.80264000000000002
0.82708000000000004
0.84855999999999998
0.85987999999999998
0.86972000000000005
0.87868000000000002
0.88575999999999999
0.89115999999999995
0.89800000000000002
0.89944000000000002
0.90908
0.91644000000000003
0.91271999999999998
0.91956000000000004
0.92688000000000004
0.93391999999999997
0.93928
0.94840000000000002
0.94876000000000005
0.92327999999999999
0.94491999999999998
0.95040000000000002
0.95704
0.92871999999999999
0.93300000000000005
0.95531999999999995
0.94996000000000003
0.95011999999999996
