0.61324000000000001
0.75536000000000003
0.80871999999999999
0.83616000000000001
0.85187999999999997
0.86431999999999998
0.87231999999999998
0.88427999999999995
0.89419999999999999
0.90200000000000002
0.90724000000000005
0.91291999999999995
0.91512000000000004
0.92068000000000005
0.90759999999999996
0.92932000000000003
0.93491999999999997
0.93371999999999999
0.93579999999999997
0.94076000000000004
0.95235999999999998
0.95631999999999995
0.95008000000000004
0.94511999999999996
0.95567999999999997
0.95508000000000004
0.96279999999999999
0.95755999999999997
0.96899999999999997
0.97084000000000004
