0.61528000000000005
0.75104000000000004
0.80079999999999996
0.83155999999999997
0.84508000000000005
0.86172000000000004
0.87175999999999998
0.88392000000000004
0.88912000000000002
0.89424000000000003
0.90344000000000002
0.91256000000000004
0.92032000000000003
0.92691999999999997
0.93271999999999999
0.93508000000000002
0.93228
0.94803999999999999
0.93567999999999996
0.94784000000000002
0.94784000000000002
0.96123999999999998
0.96360000000000001
0.96704000000000001
0.95811999999999997
0.96687999999999996
0.96579999999999999
0.96204000000000001
0.96855999999999998
0.97504000000000002
