3.399200141429901123e-01
6.955800056457519531e-01
7.443600296974182129e-01
6.055999994277954102e-01
7.365599870681762695e-01
6.862400174140930176e-01
8.962799906730651855e-01
8.517600297927856445e-01
7.921400070190429688e-01
9.231200218200683594e-01
9.452400207519531250e-01
9.205600023269653320e-01
8.564000129699707031e-01
9.495199918746948242e-01
9.786400198936462402e-01
9.702399969100952148e-01
9.721400141716003418e-01
9.664400219917297363e-01
9.455400109291076660e-01
9.658200144767761230e-01
9.547399878501892090e-01
9.412000179290771484e-01
9.861599802970886230e-01
9.469000101089477539e-01
9.869800209999084473e-01
9.868999719619750977e-01
9.896399974822998047e-01
9.766600131988525391e-01
9.921200275421142578e-01
9.914199709892272949e-01
9.944999814033508301e-01
9.886199831962585449e-01
9.975600242614746094e-01
9.931799769401550293e-01
9.960399866104125977e-01
9.883800148963928223e-01
9.937000274658203125e-01
9.975399971008300781e-01
9.963200092315673828e-01
9.641000032424926758e-01
9.647600054740905762e-01
9.967200160026550293e-01
9.991199970245361328e-01
9.961599707603454590e-01
9.994199872016906738e-01
9.995999932289123535e-01
9.999200105667114258e-01
9.998800158500671387e-01
9.930199980735778809e-01
9.726600050926208496e-01
9.873200058937072754e-01
9.953200221061706543e-01
9.992799758911132812e-01
9.998999834060668945e-01
9.980800151824951172e-01
9.926400184631347656e-01
9.912199974060058594e-01
9.967799782752990723e-01
9.998999834060668945e-01
9.991999864578247070e-01
9.967200160026550293e-01
9.998999834060668945e-01
9.951199889183044434e-01
9.919400215148925781e-01
9.957000017166137695e-01
9.720000028610229492e-01
9.946399927139282227e-01
9.988399744033813477e-01
9.992600083351135254e-01
9.999799728393554688e-01
9.999200105667114258e-01
1.000000000000000000e+00
1.000000000000000000e+00
1.000000000000000000e+00
1.000000000000000000e+00
9.989200234413146973e-01
9.998800158500671387e-01
9.997199773788452148e-01
9.992600083351135254e-01
9.986400008201599121e-01
9.868800044059753418e-01
9.963600039482116699e-01
9.991800189018249512e-01
9.940599799156188965e-01
9.958999752998352051e-01
9.999600052833557129e-01
9.998599886894226074e-01
9.999799728393554688e-01
9.998999834060668945e-01
9.999200105667114258e-01
1.000000000000000000e+00
1.000000000000000000e+00
1.000000000000000000e+00
9.999799728393554688e-01
1.000000000000000000e+00
1.000000000000000000e+00
1.000000000000000000e+00
1.000000000000000000e+00
1.000000000000000000e+00
1.000000000000000000e+00
9.996600151062011719e-01
9.998599886894226074e-01
9.995200037956237793e-01
9.941999912261962891e-01
9.977200031280517578e-01
9.887800216674804688e-01
9.939399957656860352e-01
9.994199872016906738e-01
9.993199706077575684e-01
9.992399811744689941e-01
9.991199970245361328e-01
9.979400038719177246e-01
9.989399909973144531e-01
9.999399781227111816e-01
9.995399713516235352e-01
9.992600083351135254e-01
9.998599886894226074e-01
1.000000000000000000e+00
9.998199939727783203e-01
1.000000000000000000e+00
1.000000000000000000e+00
1.000000000000000000e+00
1.000000000000000000e+00
9.994800090789794922e-01
1.000000000000000000e+00
1.000000000000000000e+00
1.000000000000000000e+00
1.000000000000000000e+00
1.000000000000000000e+00
1.000000000000000000e+00
1.000000000000000000e+00
1.000000000000000000e+00
1.000000000000000000e+00
1.000000000000000000e+00
1.000000000000000000e+00
1.000000000000000000e+00
1.000000000000000000e+00
1.000000000000000000e+00
1.000000000000000000e+00
1.000000000000000000e+00
1.000000000000000000e+00
1.000000000000000000e+00
1.000000000000000000e+00
1.000000000000000000e+00
1.000000000000000000e+00
1.000000000000000000e+00
1.000000000000000000e+00
1.000000000000000000e+00
1.000000000000000000e+00
1.000000000000000000e+00
9.999399781227111816e-01
1.000000000000000000e+00
1.000000000000000000e+00
1.000000000000000000e+00
1.000000000000000000e+00
1.000000000000000000e+00
1.000000000000000000e+00
1.000000000000000000e+00
1.000000000000000000e+00
1.000000000000000000e+00
1.000000000000000000e+00
1.000000000000000000e+00
1.000000000000000000e+00
1.000000000000000000e+00
1.000000000000000000e+00
1.000000000000000000e+00
1.000000000000000000e+00
1.000000000000000000e+00
1.000000000000000000e+00
1.000000000000000000e+00
1.000000000000000000e+00
1.000000000000000000e+00
1.000000000000000000e+00
1.000000000000000000e+00
1.000000000000000000e+00
1.000000000000000000e+00
1.000000000000000000e+00
1.000000000000000000e+00
1.000000000000000000e+00
1.000000000000000000e+00
1.000000000000000000e+00
1.000000000000000000e+00
1.000000000000000000e+00
1.000000000000000000e+00
1.000000000000000000e+00
1.000000000000000000e+00
1.000000000000000000e+00
1.000000000000000000e+00
1.000000000000000000e+00
1.000000000000000000e+00
1.000000000000000000e+00
1.000000000000000000e+00
1.000000000000000000e+00
9.999600052833557129e-01
9.999799728393554688e-01
1.000000000000000000e+00
1.000000000000000000e+00
1.000000000000000000e+00
1.000000000000000000e+00
1.000000000000000000e+00
