2.536799907684326172e-01
6.581400036811828613e-01
7.286599874496459961e-01
8.244199752807617188e-01
8.536599874496459961e-01
8.502399921417236328e-01
7.747399806976318359e-01
9.023799896240234375e-01
8.504400253295898438e-01
7.804399728775024414e-01
9.392799735069274902e-01
9.677000045776367188e-01
9.571400284767150879e-01
9.449800252914428711e-01
9.304999709129333496e-01
9.645400047302246094e-01
9.580799937248229980e-01
8.858000040054321289e-01
9.765400290489196777e-01
9.656599760055541992e-01
9.910799860954284668e-01
9.448000192642211914e-01
9.624400138854980469e-01
9.911000132560729980e-01
9.727799892425537109e-01
9.896600246429443359e-01
9.783999919891357422e-01
9.874200224876403809e-01
9.847000241279602051e-01
9.879599809646606445e-01
9.826599955558776855e-01
9.915800094604492188e-01
9.935399889945983887e-01
9.904199838638305664e-01
9.905999898910522461e-01
9.983599781990051270e-01
9.976000189781188965e-01
9.992600083351135254e-01
9.943799972534179688e-01
9.930400252342224121e-01
9.987199902534484863e-01
9.962199926376342773e-01
9.931799769401550293e-01
9.939799904823303223e-01
9.115599989891052246e-01
9.965599775314331055e-01
9.961799979209899902e-01
9.984999895095825195e-01
9.974399805068969727e-01
9.869400262832641602e-01
9.969599843025207520e-01
9.607800245285034180e-01
9.952999949455261230e-01
9.983800053596496582e-01
9.958800077438354492e-01
9.967200160026550293e-01
9.994800090789794922e-01
9.999799728393554688e-01
9.992399811744689941e-01
9.999600052833557129e-01
9.999600052833557129e-01
9.981999993324279785e-01
9.804000258445739746e-01
9.855200052261352539e-01
9.830200076103210449e-01
9.977800250053405762e-01
9.987199902534484863e-01
1.000000000000000000e+00
9.991199970245361328e-01
9.999799728393554688e-01
9.998000264167785645e-01
9.998999834060668945e-01
9.916800260543823242e-01
9.952600002288818359e-01
9.956200122833251953e-01
9.962800145149230957e-01
9.981799721717834473e-01
9.999200105667114258e-01
1.000000000000000000e+00
1.000000000000000000e+00
9.996600151062011719e-01
9.998000264167785645e-01
9.999799728393554688e-01
1.000000000000000000e+00
1.000000000000000000e+00
1.000000000000000000e+00
1.000000000000000000e+00
1.000000000000000000e+00
1.000000000000000000e+00
1.000000000000000000e+00
1.000000000000000000e+00
1.000000000000000000e+00
1.000000000000000000e+00
1.000000000000000000e+00
1.000000000000000000e+00
1.000000000000000000e+00
1.000000000000000000e+00
1.000000000000000000e+00
1.000000000000000000e+00
1.000000000000000000e+00
1.000000000000000000e+00
1.000000000000000000e+00
1.000000000000000000e+00
1.000000000000000000e+00
1.000000000000000000e+00
1.000000000000000000e+00
1.000000000000000000e+00
1.000000000000000000e+00
1.000000000000000000e+00
1.000000000000000000e+00
1.000000000000000000e+00
1.000000000000000000e+00
1.000000000000000000e+00
1.000000000000000000e+00
1.000000000000000000e+00
1.000000000000000000e+00
1.000000000000000000e+00
1.000000000000000000e+00
1.000000000000000000e+00
1.000000000000000000e+00
1.000000000000000000e+00
1.000000000000000000e+00
1.000000000000000000e+00
1.000000000000000000e+00
1.000000000000000000e+00
1.000000000000000000e+00
1.000000000000000000e+00
1.000000000000000000e+00
1.000000000000000000e+00
1.000000000000000000e+00
1.000000000000000000e+00
1.000000000000000000e+00
1.000000000000000000e+00
1.000000000000000000e+00
1.000000000000000000e+00
1.000000000000000000e+00
1.000000000000000000e+00
1.000000000000000000e+00
1.000000000000000000e+00
1.000000000000000000e+00
1.000000000000000000e+00
1.000000000000000000e+00
1.000000000000000000e+00
1.000000000000000000e+00
1.000000000000000000e+00
1.000000000000000000e+00
1.000000000000000000e+00
1.000000000000000000e+00
1.000000000000000000e+00
1.000000000000000000e+00
1.000000000000000000e+00
1.000000000000000000e+00
1.000000000000000000e+00
1.000000000000000000e+00
1.000000000000000000e+00
1.000000000000000000e+00
1.000000000000000000e+00
1.000000000000000000e+00
1.000000000000000000e+00
1.000000000000000000e+00
1.000000000000000000e+00
1.000000000000000000e+00
1.000000000000000000e+00
1.000000000000000000e+00
1.000000000000000000e+00
1.000000000000000000e+00
1.000000000000000000e+00
1.000000000000000000e+00
1.000000000000000000e+00
1.000000000000000000e+00
1.000000000000000000e+00
1.000000000000000000e+00
1.000000000000000000e+00
1.000000000000000000e+00
1.000000000000000000e+00
1.000000000000000000e+00
1.000000000000000000e+00
1.000000000000000000e+00
1.000000000000000000e+00
1.000000000000000000e+00
1.000000000000000000e+00
1.000000000000000000e+00
1.000000000000000000e+00
1.000000000000000000e+00
1.000000000000000000e+00
1.000000000000000000e+00
1.000000000000000000e+00
1.000000000000000000e+00
1.000000000000000000e+00
1.000000000000000000e+00
1.000000000000000000e+00
1.000000000000000000e+00
1.000000000000000000e+00
1.000000000000000000e+00
1.000000000000000000e+00
1.000000000000000000e+00
1.000000000000000000e+00
1.000000000000000000e+00
1.000000000000000000e+00
1.000000000000000000e+00
