2.856599986553192139e-01
5.912799835205078125e-01
7.383800148963928223e-01
7.764400243759155273e-01
6.677600145339965820e-01
8.078799843788146973e-01
8.230999708175659180e-01
8.907399773597717285e-01
8.622599840164184570e-01
8.762199878692626953e-01
9.624999761581420898e-01
9.649000167846679688e-01
8.838800191879272461e-01
9.793999791145324707e-01
9.141799807548522949e-01
9.096199870109558105e-01
9.059600234031677246e-01
9.764000177383422852e-01
9.315999746322631836e-01
9.629799723625183105e-01
9.739999771118164062e-01
9.702399969100952148e-01
8.704199790954589844e-01
9.803400039672851562e-01
9.876400232315063477e-01
9.946600198745727539e-01
9.639400243759155273e-01
9.689599871635437012e-01
9.843400120735168457e-01
8.934999704360961914e-01
9.924200177192687988e-01
9.873999953269958496e-01
9.941200017929077148e-01
9.977800250053405762e-01
9.958999752998352051e-01
9.896199703216552734e-01
9.908599853515625000e-01
9.857199788093566895e-01
9.967200160026550293e-01
9.840000271797180176e-01
9.902200102806091309e-01
9.990800023078918457e-01
9.984800219535827637e-01
9.812399744987487793e-01
9.950600266456604004e-01
9.936400055885314941e-01
9.980800151824951172e-01
9.965999722480773926e-01
9.977800250053405762e-01
9.968600273132324219e-01
9.984599947929382324e-01
9.947000145912170410e-01
9.994800090789794922e-01
9.998999834060668945e-01
9.998000264167785645e-01
9.995999932289123535e-01
9.998400211334228516e-01
9.981799721717834473e-01
9.951199889183044434e-01
9.963399767875671387e-01
9.911000132560729980e-01
9.965999722480773926e-01
9.838799834251403809e-01
9.923400282859802246e-01
9.983999729156494141e-01
9.991999864578247070e-01
9.764599800109863281e-01
9.915800094604492188e-01
9.931799769401550293e-01
9.993199706077575684e-01
9.964600205421447754e-01
9.825800061225891113e-01
9.975799918174743652e-01
9.993399977684020996e-01
9.990000128746032715e-01
9.930999875068664551e-01
9.977999925613403320e-01
9.999200105667114258e-01
9.999600052833557129e-01
1.000000000000000000e+00
1.000000000000000000e+00
1.000000000000000000e+00
1.000000000000000000e+00
1.000000000000000000e+00
1.000000000000000000e+00
1.000000000000000000e+00
1.000000000000000000e+00
1.000000000000000000e+00
1.000000000000000000e+00
1.000000000000000000e+00
1.000000000000000000e+00
1.000000000000000000e+00
1.000000000000000000e+00
1.000000000000000000e+00
1.000000000000000000e+00
1.000000000000000000e+00
1.000000000000000000e+00
1.000000000000000000e+00
1.000000000000000000e+00
1.000000000000000000e+00
1.000000000000000000e+00
1.000000000000000000e+00
1.000000000000000000e+00
1.000000000000000000e+00
1.000000000000000000e+00
1.000000000000000000e+00
1.000000000000000000e+00
1.000000000000000000e+00
1.000000000000000000e+00
1.000000000000000000e+00
1.000000000000000000e+00
1.000000000000000000e+00
1.000000000000000000e+00
1.000000000000000000e+00
1.000000000000000000e+00
1.000000000000000000e+00
1.000000000000000000e+00
1.000000000000000000e+00
1.000000000000000000e+00
1.000000000000000000e+00
1.000000000000000000e+00
1.000000000000000000e+00
1.000000000000000000e+00
1.000000000000000000e+00
1.000000000000000000e+00
1.000000000000000000e+00
1.000000000000000000e+00
1.000000000000000000e+00
1.000000000000000000e+00
1.000000000000000000e+00
1.000000000000000000e+00
1.000000000000000000e+00
1.000000000000000000e+00
1.000000000000000000e+00
1.000000000000000000e+00
1.000000000000000000e+00
1.000000000000000000e+00
1.000000000000000000e+00
1.000000000000000000e+00
1.000000000000000000e+00
1.000000000000000000e+00
1.000000000000000000e+00
1.000000000000000000e+00
1.000000000000000000e+00
1.000000000000000000e+00
1.000000000000000000e+00
1.000000000000000000e+00
1.000000000000000000e+00
1.000000000000000000e+00
1.000000000000000000e+00
1.000000000000000000e+00
1.000000000000000000e+00
1.000000000000000000e+00
1.000000000000000000e+00
1.000000000000000000e+00
1.000000000000000000e+00
1.000000000000000000e+00
1.000000000000000000e+00
1.000000000000000000e+00
1.000000000000000000e+00
1.000000000000000000e+00
1.000000000000000000e+00
1.000000000000000000e+00
1.000000000000000000e+00
1.000000000000000000e+00
1.000000000000000000e+00
1.000000000000000000e+00
1.000000000000000000e+00
1.000000000000000000e+00
1.000000000000000000e+00
1.000000000000000000e+00
1.000000000000000000e+00
1.000000000000000000e+00
1.000000000000000000e+00
1.000000000000000000e+00
1.000000000000000000e+00
1.000000000000000000e+00
1.000000000000000000e+00
1.000000000000000000e+00
1.000000000000000000e+00
1.000000000000000000e+00
1.000000000000000000e+00
1.000000000000000000e+00
1.000000000000000000e+00
1.000000000000000000e+00
1.000000000000000000e+00
1.000000000000000000e+00
1.000000000000000000e+00
1.000000000000000000e+00
1.000000000000000000e+00
1.000000000000000000e+00
1.000000000000000000e+00
1.000000000000000000e+00
1.000000000000000000e+00
1.000000000000000000e+00
1.000000000000000000e+00
1.000000000000000000e+00
1.000000000000000000e+00
1.000000000000000000e+00
1.000000000000000000e+00
