0.9370166659355164
0.9645833373069763
0.9740999937057495
0.9786999821662903
0.982450008392334
0.984499990940094
0.9870666861534119
0.9867333173751831
0.9890499711036682
0.989383339881897
0.9904500246047974
0.9910500049591064
0.9918333292007446
0.9908000230789185
0.9923999905586243
0.9932166934013367
0.9933000206947327
0.9937499761581421
0.9938833117485046
0.9949666857719421
0.9952333569526672
0.9950666427612305
0.9946666955947876
0.9959999918937683
0.9954833388328552
0.996483325958252
0.996483325958252
0.9964333176612854
0.9970666766166687
0.9972666501998901
0.9971666932106018
0.9975500106811523
0.9977999925613403
0.9982500076293945
0.9981499910354614
0.9983833432197571
0.9984833598136902
0.9986166954040527
0.9981499910354614
0.9988833069801331
0.9989500045776367
0.9990166425704956
0.9990333318710327
0.9989166855812073
0.9989666938781738
0.9991333484649658
0.9992333054542542
0.9994000196456909
0.9994999766349792
0.9994666576385498
0.9994833469390869
0.9988666772842407
0.9995666742324829
0.9995666742324829
0.9995333552360535
0.9995333552360535
0.9995999932289124
0.9995499849319458
0.9995833039283752
0.9997333288192749
0.9996166825294495
0.9997000098228455
0.9997000098228455
0.9995166659355164
0.9997666478157043
0.999750018119812
0.9998166561126709
0.9997833371162415
0.9998666644096375
0.9997833371162415
0.9998166561126709
0.9998000264167786
0.9998833537101746
0.9998499751091003
0.9998833537101746
0.999916672706604
0.9999499917030334
0.9998999834060669
0.9999333620071411
0.9998833537101746
0.9998999834060669
0.999916672706604
0.9998833537101746
0.9999499917030334
0.9999499917030334
0.9999499917030334
0.9999666810035706
0.999916672706604
0.9998999834060669
0.9999666810035706
0.9999499917030334
0.9999666810035706
0.9999499917030334
0.9999499917030334
0.9999499917030334
0.9999666810035706
0.9999499917030334
0.9999499917030334
0.9999666810035706
0.9999499917030334
0.9999666810035706
0.9999833106994629
0.9999833106994629
0.9999499917030334
0.9999833106994629
0.9999666810035706
0.9999833106994629
0.9999833106994629
0.9999333620071411
0.9999833106994629
0.9999833106994629
0.9999833106994629
0.9999833106994629
0.9999833106994629
1
0.9999833106994629
0.9999833106994629
1
1
1
1
1
1
1
1
1
1
1
1
1
1
1
1
1
1
1
1
1
1
1
1
1
1
1
1
1
1
1
1
1
1
1
1
1
1
1
1
1
1
1
1
1
1
1
1
1
1
1
1
1
1
1
1
1
1
1
1
1
1
1
1
1
1
1
1
1
1
1
1
1
1
1
1
1
1
1
1
1
1
1