0.9448999762535095
0.9676833152770996
0.9762499928474426
0.980650007724762
0.9834499955177307
0.9853000044822693
0.9862666726112366
0.9881333112716675
0.9898999929428101
0.9898166656494141
0.9903666377067566
0.9909166693687439
0.9920166730880737
0.9923833608627319
0.9927166700363159
0.9939333200454712
0.9936833381652832
0.9942833185195923
0.9949333071708679
0.9947999715805054
0.9956499934196472
0.9955499768257141
0.9962499737739563
0.9958666563034058
0.9964166879653931
0.9969000220298767
0.9970166683197021
0.9975833296775818
0.9976166486740112
0.9978166818618774
0.9979000091552734
0.9971500039100647
0.9981833100318909
0.9983166456222534
0.99836665391922
0.9986166954040527
0.9983000159263611
0.9987333416938782
0.9988499879837036
0.9988833069801331
0.9990333318710327
0.9990000128746033
0.9991000294685364
0.9992833137512207
0.9992333054542542
0.9992166757583618
0.9994000196456909
0.9993833303451538
0.9994000196456909
0.9994000196456909
0.9995333552360535
0.9995333552360535
0.9995499849319458
0.9995999932289124
0.9996166825294495
0.9995499849319458
0.999666690826416
0.9996166825294495
0.9997000098228455
0.9996333122253418
0.9997333288192749
0.9997833371162415
0.9998166561126709
0.9997666478157043
0.9997833371162415
0.9997833371162415
0.9997833371162415
0.9997000098228455
0.9998000264167786
0.9998666644096375
0.9998833537101746
0.9998499751091003
0.9998999834060669
0.9998999834060669
0.9998833537101746
0.999916672706604
0.9999333620071411
0.9999333620071411
0.9998999834060669
0.9999333620071411
0.9999333620071411
0.9999333620071411
0.9999666810035706
0.9999333620071411
0.9999666810035706
0.9999499917030334
0.9999499917030334
0.9999333620071411
0.9999666810035706
0.9999833106994629
0.9999833106994629
0.9999666810035706
0.9999666810035706
0.9999833106994629
0.9999833106994629
0.9999833106994629
0.9999833106994629
0.9999833106994629
0.9999833106994629
0.9999833106994629
0.9999666810035706
1
0.9999833106994629
1
1
1
1
1
1
1
1
1
1
1
1
1
1
1
1
1
1
1
1
1
1
1
1
1
1
1
1
1
1
1
1
1
1
1
1
1
1
1
1
1
1
1
1
1
1
1
1
1
1
1
1
1
1
1
1
1
1
1
1
1
1
1
1
1
1
1
1
1
1
1
1
1
1
1
1
1
1
1
1
1
1
1
1
1
1
1
1
1
1
1
1
1
1
1
1
1