0.9383666515350342
0.9612666964530945
0.9704333543777466
0.9783833622932434
0.9814833402633667
0.98294997215271
0.9854999780654907
0.9869333505630493
0.9884499907493591
0.9887666702270508
0.9899166822433472
0.9909666776657104
0.9916166663169861
0.9921500086784363
0.9923333525657654
0.9931833148002625
0.9936833381652832
0.9937499761581421
0.9934999942779541
0.9945166707038879
0.9948499798774719
0.9950166940689087
0.9957333207130432
0.9961000084877014
0.9963833093643188
0.9960333108901978
0.9968500137329102
0.9967833161354065
0.9973000288009644
0.9974666833877563
0.9976666569709778
0.9966166615486145
0.9978833198547363
0.9980000257492065
0.9981666803359985
0.9981333613395691
0.9986666440963745
0.9984666705131531
0.9988333582878113
0.9986833333969116
0.9987666606903076
0.9988666772842407
0.9991333484649658
0.9990333318710327
0.9989666938781738
0.9991833567619324
0.9994333386421204
0.9994166493415833
0.9993666410446167
0.9994333386421204
0.9994999766349792
0.9992666840553284
0.9995499849319458
0.9995666742324829
0.9995833039283752
0.9995666742324829
0.9996166825294495
0.9996166825294495
0.999666690826416
0.9997166395187378
0.9995333552360535
0.9997833371162415
0.9997666478157043
0.9997166395187378
0.9997833371162415
0.9998000264167786
0.9998000264167786
0.9997833371162415
0.9998166561126709
0.9998000264167786
0.9998499751091003
0.9998499751091003
0.9998000264167786
0.9998666644096375
0.9998499751091003
0.999833345413208
0.9998499751091003
0.9998833537101746
0.999833345413208
0.9998999834060669
0.9998999834060669
0.9998999834060669
0.9998666644096375
0.9998833537101746
0.9999333620071411
0.999916672706604
0.9999333620071411
0.9998999834060669
0.9999333620071411
0.9999833106994629
0.9999666810035706
0.9999666810035706
1
0.9999666810035706
0.9999833106994629
0.9999666810035706
0.9999833106994629
1
0.9999833106994629
0.9999833106994629
1
1
1
1
1
0.9999833106994629
1
0.9999833106994629
1
1
1
1
1
1
1
1
1
0.9999833106994629
1
1
0.9999833106994629
1
1
1
1
1
1
1
1
1
1
1
1
1
1
1
1
1
1
1
1
1
1
1
1
1
1
1
1
1
1
1
1
1
1
1
1
1
1
1
1
1
1
1
1
1
1
1
1
1
1
1
1
1
1
1
1
1
1
1
1
1
1
1
1
1
1
1
1
1
1
1
1
1
1
1
1
1
1
1