0.9365166425704956
0.9652000069618225
0.9751499891281128
0.979283332824707
0.9821666479110718
0.9840166568756104
0.9863333106040955
0.9884833097457886
0.9887333512306213
0.9901833534240723
0.9908499717712402
0.991433322429657
0.9909833073616028
0.9926000237464905
0.992900013923645
0.992983341217041
0.9939666390419006
0.9937833547592163
0.9947999715805054
0.994783341884613
0.9957333207130432
0.995033323764801
0.9965166449546814
0.9963333606719971
0.9968000054359436
0.9962000250816345
0.9956166744232178
0.9972333312034607
0.9975500106811523
0.9975500106811523
0.997866690158844
0.9977666735649109
0.9981666803359985
0.99795001745224
0.9979666471481323
0.9981499910354614
0.9986166954040527
0.9985499978065491
0.9988333582878113
0.9988166689872742
0.9988333582878113
0.9990000128746033
0.9990500211715698
0.9990166425704956
0.9991499781608582
0.9993000030517578
0.9992666840553284
0.9993666410446167
0.9993666410446167
0.9994333386421204
0.9994999766349792
0.9995333552360535
0.9995333552360535
0.9995999932289124
0.9996333122253418
0.9995833039283752
0.9996833205223083
0.9997333288192749
0.9997000098228455
0.999666690826416
0.9998000264167786
0.9997166395187378
0.9997833371162415
0.999833345413208
0.999833345413208
0.999833345413208
0.9998833537101746
0.9998666644096375
0.9998000264167786
0.9998999834060669
0.9998833537101746
0.999916672706604
0.9998999834060669
0.999916672706604
0.9998999834060669
0.9998999834060669
0.999916672706604
0.999916672706604
0.999916672706604
0.9999666810035706
0.9999499917030334
0.9999499917030334
0.9999666810035706
0.9999666810035706
0.9999666810035706
0.9999666810035706
0.9999666810035706
0.9999833106994629
0.9999666810035706
0.9999666810035706
0.9999333620071411
0.9999833106994629
0.9999666810035706
0.9999666810035706
0.9999833106994629
0.9999833106994629
1
1
1
1
1
1
1
1
1
1
1
1
1
1
1
1
1
1
1
1
1
1
1
1
1
1
1
1
1
1
1
1
1
1
1
1
1
1
1
1
1
1
1
1
1
1
1
1
1
1
1
1
1
1
1
1
1
1
1
1
1
1
1
1
1
1
1
1
1
1
1
1
1
1
1
1
1
1
1
1
1
1
1
1
1
1
1
1
1
1
1
1
1
1
1
1
1
1
1
1
1
1
1
1