0.9477166533470154
0.968999981880188
0.9766666889190674
0.9805166721343994
0.9840499758720398
0.9861166477203369
0.987583339214325
0.9877333045005798
0.9892333149909973
0.9903833270072937
0.9902833104133606
0.9911333322525024
0.9927166700363159
0.9928333163261414
0.9939666390419006
0.9942333102226257
0.9943000078201294
0.9936000108718872
0.9944833517074585
0.9951500296592712
0.995033323764801
0.9948833584785461
0.9956666827201843
0.9964666962623596
0.9968000054359436
0.9968833327293396
0.9969666600227356
0.9973666667938232
0.9974166750907898
0.9975666403770447
0.9972833395004272
0.99795001745224
0.9980166554450989
0.99795001745224
0.9976999759674072
0.9980999827384949
0.9983500242233276
0.998449981212616
0.9984333515167236
0.9985833168029785
0.9987999796867371
0.9990166425704956
0.9990333318710327
0.9990833401679993
0.9991666674613953
0.9993166923522949
0.9990500211715698
0.9994166493415833
0.9994000196456909
0.9994500279426575
0.9994500279426575
0.9994333386421204
0.9995499849319458
0.9994999766349792
0.9994666576385498
0.9995333552360535
0.9995999932289124
0.9995166659355164
0.9997166395187378
0.999666690826416
0.9997000098228455
0.9996833205223083
0.999750018119812
0.9997666478157043
0.9998000264167786
0.9996833205223083
0.9998499751091003
0.9998833537101746
0.9998666644096375
0.9998666644096375
0.9998166561126709
0.9998833537101746
0.9999333620071411
0.9998499751091003
0.9998166561126709
0.9999499917030334
0.9999499917030334
0.9997666478157043
0.9999666810035706
0.9999499917030334
0.9999666810035706
0.999916672706604
0.9999333620071411
0.9999666810035706
0.9999666810035706
0.9998999834060669
0.9999666810035706
0.9999666810035706
0.9999666810035706
0.9999666810035706
0.9999833106994629
0.9999666810035706
0.9999666810035706
0.9999833106994629
0.9999666810035706
0.9999833106994629
0.9999833106994629
0.9999666810035706
0.9999833106994629
0.9999833106994629
0.9999833106994629
0.9999833106994629
0.9999833106994629
0.9999833106994629
0.9999833106994629
0.9999833106994629
0.9999833106994629
0.9999833106994629
0.9999833106994629
0.9999833106994629
0.9999833106994629
0.9999833106994629
0.9999833106994629
1
0.9999833106994629
1
1
1
1
1
1
1
1
1
1
1
1
1
1
1
1
1
1
1
1
1
1
1
1
1
1
1
1
1
1
1
1
1
1
1
1
1
1
1
1
1
1
1
1
1
1
1
1
1
1
1
1
1
1
1
1
1
1
1
1
1
1
1
1
1
1
1
1
1
1
1
1
1
1
1
1
1
1
1
1
1
1
1
1
1