5.807400000000000340e-01
7.703799999999999537e-01
7.577399999999999691e-01
8.169800000000000395e-01
8.244799999999999907e-01
8.797599999999999865e-01
8.630400000000000293e-01
8.553600000000000092e-01
9.141000000000000236e-01
9.300399999999999778e-01
9.492599999999999927e-01
9.419800000000000395e-01
9.695200000000000484e-01
9.773800000000000265e-01
9.776599999999999735e-01
9.629199999999999982e-01
9.795399999999999663e-01
9.785399999999999654e-01
9.779600000000000515e-01
9.924199999999999688e-01
9.879000000000000004e-01
9.942800000000000527e-01
9.863199999999999745e-01
9.830400000000000249e-01
9.937799999999999967e-01
9.906800000000000050e-01
9.760799999999999477e-01
9.929999999999999938e-01
9.942600000000000326e-01
9.932600000000000318e-01
9.907799999999999940e-01
9.966599999999999904e-01
9.967399999999999594e-01
9.974600000000000133e-01
9.961600000000000454e-01
9.958000000000000185e-01
9.980400000000000382e-01
9.988799999999999901e-01
9.985399999999999832e-01
9.993600000000000261e-01
9.995399999999999840e-01
9.999400000000000510e-01
9.999599999999999600e-01
9.999599999999999600e-01
9.999799999999999800e-01
9.999799999999999800e-01
9.999799999999999800e-01
9.999799999999999800e-01
9.999799999999999800e-01
9.999799999999999800e-01
9.999799999999999800e-01
9.999799999999999800e-01
9.999799999999999800e-01
9.999799999999999800e-01
9.999799999999999800e-01
9.999799999999999800e-01
9.999799999999999800e-01
9.999799999999999800e-01
9.999799999999999800e-01
9.999799999999999800e-01
9.999799999999999800e-01
9.999799999999999800e-01
9.999799999999999800e-01
9.999799999999999800e-01
9.999799999999999800e-01
9.999799999999999800e-01
9.999799999999999800e-01
9.999799999999999800e-01
9.999799999999999800e-01
9.999799999999999800e-01
9.999799999999999800e-01
1.000000000000000000e+00
1.000000000000000000e+00
1.000000000000000000e+00
1.000000000000000000e+00
1.000000000000000000e+00
1.000000000000000000e+00
1.000000000000000000e+00
1.000000000000000000e+00
1.000000000000000000e+00
1.000000000000000000e+00
1.000000000000000000e+00
1.000000000000000000e+00
1.000000000000000000e+00
1.000000000000000000e+00
1.000000000000000000e+00
1.000000000000000000e+00
1.000000000000000000e+00
1.000000000000000000e+00
1.000000000000000000e+00
1.000000000000000000e+00
1.000000000000000000e+00
1.000000000000000000e+00
1.000000000000000000e+00
1.000000000000000000e+00
1.000000000000000000e+00
1.000000000000000000e+00
1.000000000000000000e+00
1.000000000000000000e+00
1.000000000000000000e+00
1.000000000000000000e+00
1.000000000000000000e+00
1.000000000000000000e+00
1.000000000000000000e+00
1.000000000000000000e+00
1.000000000000000000e+00
1.000000000000000000e+00
1.000000000000000000e+00
1.000000000000000000e+00
1.000000000000000000e+00
1.000000000000000000e+00
1.000000000000000000e+00
1.000000000000000000e+00
1.000000000000000000e+00
1.000000000000000000e+00
1.000000000000000000e+00
1.000000000000000000e+00
1.000000000000000000e+00
1.000000000000000000e+00
1.000000000000000000e+00
1.000000000000000000e+00
1.000000000000000000e+00
1.000000000000000000e+00
1.000000000000000000e+00
1.000000000000000000e+00
1.000000000000000000e+00
1.000000000000000000e+00
1.000000000000000000e+00
1.000000000000000000e+00
1.000000000000000000e+00
1.000000000000000000e+00
1.000000000000000000e+00
1.000000000000000000e+00
1.000000000000000000e+00
1.000000000000000000e+00
1.000000000000000000e+00
1.000000000000000000e+00
1.000000000000000000e+00
1.000000000000000000e+00
1.000000000000000000e+00
1.000000000000000000e+00
1.000000000000000000e+00
1.000000000000000000e+00
1.000000000000000000e+00
1.000000000000000000e+00
1.000000000000000000e+00
1.000000000000000000e+00
1.000000000000000000e+00
1.000000000000000000e+00
1.000000000000000000e+00
1.000000000000000000e+00
1.000000000000000000e+00
1.000000000000000000e+00
1.000000000000000000e+00
1.000000000000000000e+00
1.000000000000000000e+00
1.000000000000000000e+00
1.000000000000000000e+00
1.000000000000000000e+00
1.000000000000000000e+00
1.000000000000000000e+00
1.000000000000000000e+00
1.000000000000000000e+00
1.000000000000000000e+00
1.000000000000000000e+00
1.000000000000000000e+00
1.000000000000000000e+00
1.000000000000000000e+00
1.000000000000000000e+00
1.000000000000000000e+00
1.000000000000000000e+00
1.000000000000000000e+00
1.000000000000000000e+00
1.000000000000000000e+00
1.000000000000000000e+00
1.000000000000000000e+00
1.000000000000000000e+00
1.000000000000000000e+00
1.000000000000000000e+00
1.000000000000000000e+00
1.000000000000000000e+00
1.000000000000000000e+00
1.000000000000000000e+00
1.000000000000000000e+00
1.000000000000000000e+00
1.000000000000000000e+00
1.000000000000000000e+00
1.000000000000000000e+00
1.000000000000000000e+00
1.000000000000000000e+00
1.000000000000000000e+00
1.000000000000000000e+00
1.000000000000000000e+00
1.000000000000000000e+00
1.000000000000000000e+00
1.000000000000000000e+00
1.000000000000000000e+00
1.000000000000000000e+00
1.000000000000000000e+00
1.000000000000000000e+00
