0.6860399842262268
0.8408399820327759
0.9031999707221985
0.92603999376297
0.9389600157737732
0.9456800222396851
0.9586799740791321
0.9536399841308594
0.96315997838974
0.9700800180435181
0.9760800004005432
0.977840006351471
0.9800800085067749
0.9833999872207642
0.9835600256919861
0.9878000020980835
0.9883599877357483
0.991159975528717
0.9900400042533875
0.9878799915313721
0.9724400043487549
0.9884799718856812
0.9938799738883972
0.9917600154876709
0.9952800273895264
0.98444002866745
0.9893199801445007
0.9912800192832947
0.9953600168228149
0.993399977684021