0.6898000240325928
0.8659600019454956
0.8970000147819519
0.9264400005340576
0.9409199953079224
0.9513599872589111
0.9578800201416016
0.96315997838974
0.9686800241470337
0.9658799767494202
0.9722399711608887
0.9764800071716309
0.9820799827575684
0.9787999987602234
0.9863200187683105
0.988319993019104
0.985759973526001
0.9883999824523926
0.9900799989700317
0.9909600019454956
0.9929999709129333
0.9925600290298462
0.9851999878883362
0.9922800064086914
0.9934399724006653
0.9703599810600281
0.989080011844635
0.9813600182533264
0.9958800077438354
0.9958400130271912