0.5667999982833862
0.7282400131225586
0.8102399706840515
0.8870400190353394
0.910319983959198
0.9193999767303467
0.9416400194168091
0.942359983921051
0.9488000273704529
0.959879994392395
0.9665600061416626
0.9687600135803223
0.9724400043487549
0.9721199870109558
0.9771199822425842
0.9782400131225586
0.982200026512146
0.9862800240516663
0.983680009841919
0.9890000224113464
0.989799976348877
0.9892799854278564
0.9919999837875366
0.9886800050735474
0.9915199875831604
0.9940800070762634
0.9886800050735474
0.9858800172805786
0.9922000169754028
0.995199978351593