0.5361199975013733
0.8559200167655945
0.9091200232505798
0.9204000234603882
0.9409599900245667
0.9442399740219116
0.9566799998283386
0.9593200087547302
0.97079998254776
0.9597600102424622
0.966480016708374
0.9783999919891357
0.9815599918365479
0.9845200181007385
0.9847599864006042
0.9831200242042542
0.9861599802970886
0.9828400015830994
0.9912400245666504
0.990559995174408
0.9885200262069702
0.9938399791717529
0.9900400042533875
0.9925199747085571
0.9923999905586243
0.9949600100517273
0.995199978351593
0.9963200092315674
0.989359974861145
0.961080014705658