0.5713599920272827
0.8245599865913391
0.9028800129890442
0.9218000173568726
0.9404799938201904
0.9490000009536743
0.9594799876213074
0.9645599722862244
0.9657599925994873
0.9697999954223633
0.977400004863739
0.978879988193512
0.9793599843978882
0.9830800294876099
0.9860399961471558
0.987559974193573
0.967519998550415
0.9864400029182434
0.9894000291824341
0.9922000169754028
0.9931600093841553
0.9944000244140625
0.9928399920463562
0.990119993686676
0.9666799902915955
0.9939200282096863
0.9894000291824341
0.9950799942016602
0.9840800166130066
0.9962400197982788