0.76692000000000005
0.83487999999999996
0.87228000000000006
0.88795999999999997
0.89551999999999998
0.91427999999999998
0.90932000000000002
0.92984
0.93432000000000004
0.93588000000000005
0.94496000000000002
0.9224
0.95975999999999995
0.97196000000000005
0.94488000000000005
0.93988000000000005
0.95008000000000004
0.95428000000000002
0.96572000000000002
0.97955999999999999
0.98036000000000001
0.98551999999999995
0.99463999999999997
0.99687999999999999
0.99780000000000002
0.99768000000000001
0.99436000000000002
0.99112
0.98528000000000004
0.98795999999999995
