0.74839999999999995
0.83840000000000003
0.83799999999999997
0.86007999999999996
0.89971999999999996
0.91664000000000001
0.93052000000000001
0.93064000000000002
0.92312000000000005
0.94688000000000005
0.95232000000000006
0.93703999999999998
0.95355999999999996
0.94208000000000003
0.97084000000000004
0.95860000000000001
0.93628
0.98172000000000004
0.98687999999999998
0.99392000000000003
0.99443999999999999
0.99295999999999995
0.99448000000000003
0.99660000000000004
0.98604000000000003
0.998
0.99687999999999999
0.99807999999999997
0.99756
0.99551999999999996
