0.73468
0.82991999999999999
0.87128000000000005
0.89219999999999999
0.89219999999999999
0.90107999999999999
0.91871999999999998
0.93208000000000002
0.94796000000000002
0.95787999999999995
0.95616000000000001
0.95760000000000001
0.94208000000000003
0.93872
0.93032000000000004
0.92991999999999997
0.98172000000000004
0.97092000000000001
0.99275999999999998
0.97892000000000001
0.96811999999999998
0.95884000000000003
0.99663999999999997
0.99256
0.99580000000000002
0.99107999999999996
0.98968
0.99763999999999997
0.99307999999999996
0.99887999999999999
