0.71472000000000002
0.76748000000000005
0.85704000000000002
0.88004000000000004
0.89144000000000001
0.91132000000000002
0.92847999999999997
0.91700000000000004
0.93915999999999999
0.94159999999999999
0.91744000000000003
0.89344000000000001
0.96516000000000002
0.95704
0.96460000000000001
0.95287999999999995
0.95323999999999998
0.97943999999999998
0.98892000000000002
0.99595999999999996
0.99612000000000001
0.98839999999999995
0.99051999999999996
0.99392000000000003
0.99075999999999997
0.99531999999999998
0.98536000000000001
0.99107999999999996
0.97724
0.99343999999999999
