0.74039999999999995
0.82887999999999995
0.86351999999999995
0.86807999999999996
0.90076000000000001
0.88771999999999995
0.90044000000000002
0.93255999999999994
0.94008000000000003
0.94847999999999999
0.95667999999999997
0.94499999999999995
0.94852000000000003
0.96640000000000004
0.97160000000000002
0.91823999999999995
0.97216000000000002
0.97728000000000004
0.98204000000000002
0.98384000000000005
0.95540000000000003
0.94711999999999996
0.97019999999999995
0.99028000000000005
0.99639999999999995
0.99272000000000005
0.99716000000000005
0.99087999999999998
0.98284000000000005
0.98884000000000005
