7.740399837493896484e-01
9.112399816513061523e-01
9.384400248527526855e-01
9.606400132179260254e-01
9.238799810409545898e-01
9.696400165557861328e-01
9.784399867057800293e-01
9.816399812698364258e-01
9.855599999427795410e-01
9.879199862480163574e-01
9.914799928665161133e-01
9.920799732208251953e-01
9.934399724006652832e-01
9.918400049209594727e-01
9.861999750137329102e-01
9.936800003051757812e-01
9.958000183105468750e-01
9.982799887657165527e-01
9.976000189781188965e-01
9.534400105476379395e-01
9.978799819946289062e-01
9.994400143623352051e-01
9.996799826622009277e-01
9.997599720954895020e-01
9.998400211334228516e-01
9.998800158500671387e-01
9.999200105667114258e-01
9.999200105667114258e-01
9.999200105667114258e-01
9.999200105667114258e-01
