7.446799874305725098e-01
9.097599983215332031e-01
9.439600110054016113e-01
9.575200080871582031e-01
9.642000198364257812e-01
9.504399895668029785e-01
9.793999791145324707e-01
9.811599850654602051e-01
9.799200296401977539e-01
9.896000027656555176e-01
9.902399778366088867e-01
9.861199855804443359e-01
9.932799935340881348e-01
9.587600231170654297e-01
9.941999912261962891e-01
9.966400265693664551e-01
9.880399703979492188e-01
9.987199902534484863e-01
9.983999729156494141e-01
9.989200234413146973e-01
9.979199767112731934e-01
9.986000061035156250e-01
9.857199788093566895e-01
9.989600181579589844e-01
9.991999864578247070e-01
9.997599720954895020e-01
9.998000264167785645e-01
9.998800158500671387e-01
9.998800158500671387e-01
9.999200105667114258e-01
