7.731199860572814941e-01
9.130399823188781738e-01
9.456800222396850586e-01
9.487599730491638184e-01
9.645599722862243652e-01
9.624000191688537598e-01
9.792799949645996094e-01
9.796400070190429688e-01
9.839599728584289551e-01
9.894400238990783691e-01
9.927999973297119141e-01
9.866399765014648438e-01
9.842000007629394531e-01
9.959999918937683105e-01
9.854000210762023926e-01
9.977599978446960449e-01
9.858400225639343262e-01
9.977599978446960449e-01
9.957600235939025879e-01
9.954000115394592285e-01
9.820399880409240723e-01
9.990000128746032715e-01
9.995999932289123535e-01
9.986400008201599121e-01
9.982799887657165527e-01
9.992399811744689941e-01
9.990400075912475586e-01
9.998400211334228516e-01
9.999600052833557129e-01
9.986400008201599121e-01
