8.694400191307067871e-01
9.277600049972534180e-01
9.535199999809265137e-01
9.273599982261657715e-01
9.661200046539306641e-01
9.811599850654602051e-01
9.803199768066406250e-01
9.873999953269958496e-01
9.851199984550476074e-01
9.926800131797790527e-01
9.883999824523925781e-01
9.921600222587585449e-01
9.974399805068969727e-01
9.954800009727478027e-01
9.983599781990051270e-01
9.996399879455566406e-01
9.987599849700927734e-01
9.990400075912475586e-01
9.982399940490722656e-01
9.981600046157836914e-01
9.976000189781188965e-01
9.974399805068969727e-01
9.976000189781188965e-01
9.983199834823608398e-01
9.988800287246704102e-01
9.994400143623352051e-01
9.995200037956237793e-01
9.999200105667114258e-01
9.999600052833557129e-01
9.999600052833557129e-01
