7.338799834251403809e-01
8.994799852371215820e-01
9.427599906921386719e-01
9.544799923896789551e-01
9.653599858283996582e-01
9.576399922370910645e-01
9.640399813652038574e-01
9.805999994277954102e-01
9.843999743461608887e-01
9.793199896812438965e-01
9.832400083541870117e-01
9.901999831199645996e-01
9.938799738883972168e-01
9.910799860954284668e-01
9.955599904060363770e-01
9.946799874305725098e-01
9.772800207138061523e-01
9.965199828147888184e-01
9.921600222587585449e-01
9.977999925613403320e-01
9.941599965095520020e-01
9.949200153350830078e-01
9.991999864578247070e-01
9.989200234413146973e-01
9.960399866104125977e-01
9.987599849700927734e-01
9.994000196456909180e-01
9.993600249290466309e-01
9.998800158500671387e-01
9.997199773788452148e-01
