0.85841666666666672
0.92915000000000003
0.94808333333333328
0.95745000000000002
0.96323333333333339
0.96714999999999995
0.97021666666666662
0.97241666666666671
0.97441666666666671
0.97536666666666672
0.97701666666666664
0.97833333333333339
0.97926666666666662
0.98011666666666664
0.98083333333333333
0.98186666666666667
0.98280000000000001
0.98319999999999996
0.98399999999999999
0.98436666666666661
0.98494999999999999
0.98588333333333333
0.98588333333333333
0.98655000000000004
0.98688333333333333
0.98760000000000003
0.9881833333333333
0.98814999999999997
0.98863333333333336
0.98904999999999998
0.98943333333333339
0.98970000000000002
0.98980000000000001
0.99013333333333331
0.99014999999999997
0.9906166666666667
0.9909
0.99114999999999998
0.99099999999999999
0.99148333333333338
0.99183333333333334
0.99183333333333334
0.99191666666666667
0.99183333333333334
0.99243333333333328
0.99241666666666661
0.99248333333333338
0.99258333333333337
0.99285000000000001
0.99285000000000001
0.99296666666666666
0.99316666666666664
0.99326666666666663
0.99343333333333328
0.99334999999999996
0.99351666666666671
0.9936666666666667
0.99368333333333336
0.99371666666666669
0.99399999999999999
0.99408333333333332
0.99398333333333333
0.99424999999999997
0.99421666666666664
0.99436666666666662
0.99444999999999995
0.99446666666666672
0.99458333333333337
0.99470000000000003
0.99458333333333337
0.99480000000000002
0.99471666666666669
0.99486666666666668
0.99490000000000001
0.99495
0.995
0.99509999999999998
0.99506666666666665
0.99514999999999998
0.99519999999999997
0.99518333333333331
0.99521666666666664
0.99529999999999996
0.99529999999999996
0.99531666666666663
0.99543333333333328
0.99548333333333339
0.99548333333333339
0.99548333333333339
0.99553333333333338
0.99555000000000005
0.99555000000000005
0.99558333333333338
0.99556666666666671
0.99560000000000004
0.99565000000000003
0.9956666666666667
0.99568333333333336
0.99570000000000003
0.99576666666666669
0.99581666666666668
0.99583333333333335
0.99581666666666668
0.99581666666666668
0.99593333333333334
0.99586666666666668
0.99591666666666667
0.99596666666666667
0.99593333333333334
0.99593333333333334
0.99601666666666666
0.99611666666666665
0.99606666666666666
0.99611666666666665
0.99613333333333332
0.99618333333333331
0.99614999999999998
0.99619999999999997
0.99621666666666664
0.99621666666666664
0.9962333333333333
0.99621666666666664
0.9962333333333333
0.9962833333333333
0.9962833333333333
0.99629999999999996
0.99633333333333329
0.99633333333333329
0.99634999999999996
0.99634999999999996
0.99638333333333329
0.99638333333333329
0.99638333333333329
0.99641666666666662
0.99639999999999995
0.99641666666666662
0.99643333333333328
0.99641666666666662
0.99643333333333328
0.99650000000000005
0.99648333333333339
0.99650000000000005
0.99651666666666672
0.99651666666666672
0.99651666666666672
0.99651666666666672
0.99655000000000005
0.99658333333333338
0.99658333333333338
0.99658333333333338
0.99660000000000004
0.99661666666666671
0.99661666666666671
0.99660000000000004
0.99663333333333337
0.99661666666666671
0.99665000000000004
0.9966666666666667
0.99668333333333337
0.99670000000000003
0.99670000000000003
0.99673333333333336
0.99675000000000002
0.99673333333333336
0.99676666666666669
0.99678333333333335
0.99678333333333335
0.99678333333333335
0.99683333333333335
0.99683333333333335
0.99685000000000001
0.99686666666666668
0.99686666666666668
0.99686666666666668
0.99688333333333334
0.99688333333333334
0.99688333333333334
0.99690000000000001
0.99690000000000001
0.99690000000000001
0.99691666666666667
0.99691666666666667
0.99691666666666667
0.99691666666666667
0.99695
0.99695
0.99695
0.99696666666666667
0.99698333333333333
0.99698333333333333
0.997
0.99701666666666666
0.99701666666666666
0.99701666666666666
0.99701666666666666
0.99703333333333333
0.99704999999999999
0.99704999999999999
0.99706666666666666
0.99708333333333332
