0.86051666666666671
0.92096666666666671
0.94125000000000003
0.95198333333333329
0.95868333333333333
0.96433333333333338
0.96878333333333333
0.97116666666666662
0.97345000000000004
0.97570000000000001
0.9764666666666667
0.97788333333333333
0.97926666666666662
0.98045000000000004
0.98098333333333332
0.9821333333333333
0.98306666666666664
0.98333333333333328
0.98416666666666663
0.98463333333333336
0.98508333333333331
0.98545000000000005
0.98598333333333332
0.98626666666666662
0.98696666666666666
0.98670000000000002
0.98758333333333337
0.98801666666666665
0.98809999999999998
0.98888333333333334
0.98908333333333331
0.98919999999999997
0.98963333333333336
0.98998333333333333
0.99028333333333329
0.99051666666666671
0.99056666666666671
0.99088333333333334
0.99108333333333332
0.99141666666666661
0.99146666666666672
0.99181666666666668
0.9919
0.99216666666666664
0.99191666666666667
0.99263333333333337
0.9926666666666667
0.99268333333333336
0.99276666666666669
0.99296666666666666
0.99306666666666665
0.99329999999999996
0.99336666666666662
0.99356666666666671
0.99356666666666671
0.99353333333333338
0.99370000000000003
0.99386666666666668
0.99396666666666667
0.99399999999999999
0.99408333333333332
0.99426666666666663
0.99411666666666665
0.99433333333333329
0.99431666666666663
0.99463333333333337
0.99468333333333336
0.99470000000000003
0.99480000000000002
0.99491666666666667
0.99493333333333334
0.99491666666666667
0.99503333333333333
0.99511666666666665
0.99516666666666664
0.99519999999999997
0.99526666666666663
0.9952833333333333
0.99539999999999995
0.99538333333333329
0.99541666666666662
0.99548333333333339
0.99550000000000005
0.99556666666666671
0.99560000000000004
0.99570000000000003
0.99568333333333336
0.99573333333333336
0.99571666666666669
0.99575000000000002
0.99578333333333335
0.99581666666666668
0.99585000000000001
0.99588333333333334
0.99590000000000001
0.99588333333333334
0.99591666666666667
0.99596666666666667
0.99598333333333333
0.99601666666666666
0.99606666666666666
0.99611666666666665
0.99616666666666664
0.99616666666666664
0.99619999999999997
0.99619999999999997
0.99621666666666664
0.99626666666666663
0.99629999999999996
0.99633333333333329
0.99633333333333329
0.99636666666666662
0.99638333333333329
0.99641666666666662
0.99643333333333328
0.99646666666666661
0.99648333333333339
0.99646666666666661
0.99648333333333339
0.99648333333333339
0.99650000000000005
0.99651666666666672
0.99653333333333338
0.99658333333333338
0.99658333333333338
0.99663333333333337
0.99661666666666671
0.99665000000000004
0.99665000000000004
0.99665000000000004
0.9966666666666667
0.99668333333333337
0.99668333333333337
0.99670000000000003
0.9967166666666667
0.9967166666666667
0.9967166666666667
0.9967166666666667
0.99673333333333336
0.99675000000000002
0.99675000000000002
0.99673333333333336
0.99675000000000002
0.99676666666666669
0.99676666666666669
0.99676666666666669
0.99678333333333335
0.99678333333333335
0.99678333333333335
0.99678333333333335
0.99678333333333335
0.99680000000000002
0.99678333333333335
0.99681666666666668
0.99681666666666668
0.99681666666666668
0.99683333333333335
0.99685000000000001
0.99690000000000001
0.99691666666666667
0.99690000000000001
0.99693333333333334
0.99695
0.99696666666666667
0.99696666666666667
0.99698333333333333
0.99696666666666667
0.99698333333333333
0.99698333333333333
0.99698333333333333
0.997
0.997
0.997
0.997
0.99701666666666666
0.99701666666666666
0.99703333333333333
0.99704999999999999
0.99703333333333333
0.99703333333333333
0.99706666666666666
0.99706666666666666
0.99706666666666666
0.99708333333333332
0.99706666666666666
0.99708333333333332
0.99708333333333332
0.99708333333333332
0.99708333333333332
0.99709999999999999
0.99709999999999999
0.99709999999999999
0.99709999999999999
0.99709999999999999
0.99711666666666665
0.99711666666666665
0.99713333333333332
0.99711666666666665
0.99716666666666665
0.99718333333333331
