0.79408333333333336
0.84293333333333331
0.9291166666666667
0.94755
0.95671666666666666
0.96308333333333329
0.96775
0.97078333333333333
0.97314999999999996
0.97504999999999997
0.97660000000000002
0.97788333333333333
0.97960000000000003
0.98073333333333335
0.98153333333333337
0.98219999999999996
0.98293333333333333
0.98365000000000002
0.98411666666666664
0.98470000000000002
0.98514999999999997
0.98601666666666665
0.98650000000000004
0.98699999999999999
0.98760000000000003
0.98806666666666665
0.98809999999999998
0.98868333333333336
0.98866666666666669
0.98928333333333329
0.98960000000000004
0.98986666666666667
0.99013333333333331
0.99048333333333338
0.99081666666666668
0.99085000000000001
0.9906666666666667
0.99145000000000005
0.99139999999999995
0.9916166666666667
0.99180000000000001
0.99188333333333334
0.99208333333333332
0.99219999999999997
0.99245000000000005
0.99218333333333331
0.99265000000000003
0.9929
0.99288333333333334
0.99318333333333331
0.99299999999999999
0.99329999999999996
0.99338333333333328
0.99355000000000004
0.9936666666666667
0.9936166666666667
0.99380000000000002
0.99395
0.99403333333333332
0.99401666666666666
0.99411666666666665
0.99433333333333329
0.99433333333333329
0.99434999999999996
0.99448333333333339
0.99460000000000004
0.99463333333333337
0.9946666666666667
0.99475000000000002
0.99486666666666668
0.99480000000000002
0.99490000000000001
0.99493333333333334
0.99496666666666667
0.99503333333333333
0.99506666666666665
0.99508333333333332
0.99519999999999997
0.9952333333333333
0.99533333333333329
0.99531666666666663
0.99538333333333329
0.99541666666666662
0.99546666666666672
0.99539999999999995
0.99556666666666671
0.99555000000000005
0.99563333333333337
0.99561666666666671
0.9956666666666667
0.9956666666666667
0.99570000000000003
0.99575000000000002
0.99585000000000001
0.99583333333333335
0.99590000000000001
0.99591666666666667
0.99596666666666667
0.99595
0.996
0.99604999999999999
0.99603333333333333
0.99606666666666666
0.99614999999999998
0.99614999999999998
0.99618333333333331
0.99614999999999998
0.9962333333333333
0.99624999999999997
0.99629999999999996
0.9962833333333333
0.99636666666666662
0.99639999999999995
0.99639999999999995
0.99639999999999995
0.99641666666666662
0.99643333333333328
0.99644999999999995
0.99650000000000005
0.99651666666666672
0.99655000000000005
0.99658333333333338
0.99658333333333338
0.99661666666666671
0.99661666666666671
0.99663333333333337
0.9966666666666667
0.9966666666666667
0.99668333333333337
0.9967166666666667
0.99673333333333336
0.99673333333333336
0.99673333333333336
0.99675000000000002
0.99675000000000002
0.99675000000000002
0.99676666666666669
0.99676666666666669
0.99676666666666669
0.99681666666666668
0.99683333333333335
0.99683333333333335
0.99685000000000001
0.99685000000000001
0.99685000000000001
0.99685000000000001
0.99685000000000001
0.99685000000000001
0.99688333333333334
0.99688333333333334
0.99688333333333334
0.99690000000000001
0.99690000000000001
0.99693333333333334
0.99693333333333334
0.99693333333333334
0.99693333333333334
0.99695
0.99695
0.99696666666666667
0.997
0.99701666666666666
0.99701666666666666
0.99701666666666666
0.99701666666666666
0.99706666666666666
0.99706666666666666
0.99704999999999999
0.99706666666666666
0.99708333333333332
0.99708333333333332
0.99709999999999999
0.99709999999999999
0.99709999999999999
0.99709999999999999
0.99711666666666665
0.99709999999999999
0.99709999999999999
0.99711666666666665
0.99711666666666665
0.99709999999999999
0.99711666666666665
0.99713333333333332
0.99713333333333332
0.99714999999999998
0.99716666666666665
0.99714999999999998
0.99716666666666665
0.99718333333333331
0.99718333333333331
0.99718333333333331
0.99718333333333331
0.99718333333333331
0.99718333333333331
0.99718333333333331
0.99718333333333331
0.99718333333333331
0.99718333333333331
0.99718333333333331
0.99719999999999998
