0.81259999999999999
0.91605000000000003
0.93838333333333335
0.94950000000000001
0.95706666666666662
0.96256666666666668
0.96751666666666669
0.97071666666666667
0.97314999999999996
0.97509999999999997
0.97699999999999998
0.97870000000000001
0.97929999999999995
0.98060000000000003
0.98181666666666667
0.98258333333333336
0.9829
0.98378333333333334
0.98378333333333334
0.98499999999999999
0.98546666666666671
0.98594999999999999
0.98666666666666669
0.98686666666666667
0.98741666666666672
0.98771666666666669
0.98794999999999999
0.98870000000000002
0.98895
0.98936666666666662
0.98945000000000005
0.99003333333333332
0.99001666666666666
0.99043333333333339
0.99056666666666671
0.99080000000000001
0.99114999999999998
0.99128333333333329
0.99153333333333338
0.99175000000000002
0.99195
0.99188333333333334
0.99224999999999997
0.99239999999999995
0.99265000000000003
0.99288333333333334
0.99293333333333333
0.99276666666666669
0.99308333333333332
0.99334999999999996
0.99326666666666663
0.99331666666666663
0.99355000000000004
0.9936166666666667
0.99376666666666669
0.99375000000000002
0.99393333333333334
0.99396666666666667
0.99418333333333331
0.99409999999999998
0.99431666666666663
0.99438333333333329
0.99443333333333328
0.99460000000000004
0.99475000000000002
0.99470000000000003
0.99475000000000002
0.99491666666666667
0.99488333333333334
0.99495
0.99498333333333333
0.99503333333333333
0.99511666666666665
0.99513333333333331
0.99519999999999997
0.99514999999999998
0.99524999999999997
0.9952333333333333
0.99533333333333329
0.99534999999999996
0.99543333333333328
0.99546666666666672
0.99550000000000005
0.99546666666666672
0.99553333333333338
0.99560000000000004
0.9956666666666667
0.99568333333333336
0.99573333333333336
0.99578333333333335
0.99573333333333336
0.99583333333333335
0.99590000000000001
0.99595
0.99601666666666666
0.99603333333333333
0.996
0.99614999999999998
0.99616666666666664
0.99616666666666664
0.9962333333333333
0.99621666666666664
0.99626666666666663
0.99626666666666663
0.99629999999999996
0.99629999999999996
0.9962833333333333
0.99631666666666663
0.99636666666666662
0.99634999999999996
0.99633333333333329
0.99636666666666662
0.99633333333333329
0.99639999999999995
0.99638333333333329
0.99641666666666662
0.99643333333333328
0.99644999999999995
0.99646666666666661
0.99648333333333339
0.99650000000000005
0.99651666666666672
0.99655000000000005
0.99656666666666671
0.99656666666666671
0.99656666666666671
0.99656666666666671
0.99656666666666671
0.99656666666666671
0.99660000000000004
0.99661666666666671
0.99661666666666671
0.99663333333333337
0.99663333333333337
0.99663333333333337
0.99665000000000004
0.9966666666666667
0.9966666666666667
0.99668333333333337
0.99670000000000003
0.99673333333333336
0.99673333333333336
0.99673333333333336
0.99673333333333336
0.99676666666666669
0.99678333333333335
0.99678333333333335
0.99678333333333335
0.99680000000000002
0.99680000000000002
0.99680000000000002
0.99683333333333335
0.99683333333333335
0.99685000000000001
0.99685000000000001
0.99685000000000001
0.99686666666666668
0.99686666666666668
0.99686666666666668
0.99686666666666668
0.99688333333333334
0.99688333333333334
0.99690000000000001
0.99690000000000001
0.99691666666666667
0.99691666666666667
0.99695
0.99693333333333334
0.99693333333333334
0.99693333333333334
0.99695
0.99693333333333334
0.99693333333333334
0.997
0.997
0.997
0.99701666666666666
0.99701666666666666
0.99703333333333333
0.99703333333333333
0.99703333333333333
0.99703333333333333
0.99701666666666666
0.99703333333333333
0.99703333333333333
0.99704999999999999
0.99704999999999999
0.99704999999999999
0.99704999999999999
0.99704999999999999
0.99706666666666666
0.99706666666666666
0.99708333333333332
0.99708333333333332
0.99711666666666665
0.99709999999999999
0.99711666666666665
0.99711666666666665
0.99711666666666665
0.99711666666666665
