0.80389999999999995
0.9095333333333333
0.9331666666666667
0.94751666666666667
0.95686666666666664
0.96358333333333335
0.96771666666666667
0.97009999999999996
0.97330000000000005
0.97514999999999996
0.97689999999999999
0.97838333333333338
0.97950000000000004
0.98016666666666663
0.98155000000000003
0.98209999999999997
0.98321666666666663
0.98375000000000001
0.98436666666666661
0.98498333333333332
0.98565000000000003
0.98640000000000005
0.98680000000000001
0.98638333333333328
0.98741666666666672
0.9879
0.98848333333333338
0.98866666666666669
0.98841666666666672
0.98926666666666663
0.98946666666666672
0.98988333333333334
0.99003333333333332
0.9901833333333333
0.99075000000000002
0.99086666666666667
0.99106666666666665
0.99126666666666663
0.99160000000000004
0.99153333333333338
0.99193333333333333
0.99160000000000004
0.99199999999999999
0.9922333333333333
0.9926166666666667
0.99270000000000003
0.99263333333333337
0.99288333333333334
0.99303333333333332
0.99304999999999999
0.99309999999999998
0.99341666666666661
0.99341666666666661
0.99356666666666671
0.9936166666666667
0.99371666666666669
0.99385000000000001
0.99395
0.99413333333333331
0.99418333333333331
0.99413333333333331
0.99438333333333329
0.99446666666666672
0.99444999999999995
0.99455000000000005
0.99468333333333336
0.99480000000000002
0.99483333333333335
0.99493333333333334
0.99488333333333334
0.99503333333333333
0.99509999999999998
0.99518333333333331
0.99526666666666663
0.99519999999999997
0.99536666666666662
0.99543333333333328
0.99536666666666662
0.99546666666666672
0.99551666666666672
0.99563333333333337
0.99570000000000003
0.99571666666666669
0.99570000000000003
0.99578333333333335
0.99576666666666669
0.99583333333333335
0.99581666666666668
0.99588333333333334
0.99593333333333334
0.99588333333333334
0.99593333333333334
0.996
0.996
0.99604999999999999
0.99604999999999999
0.99613333333333332
0.99611666666666665
0.99611666666666665
0.99616666666666664
0.99619999999999997
0.9962333333333333
0.99621666666666664
0.99631666666666663
0.99636666666666662
0.99638333333333329
0.99641666666666662
0.99644999999999995
0.99643333333333328
0.99646666666666661
0.99650000000000005
0.99651666666666672
0.99653333333333338
0.99655000000000005
0.99656666666666671
0.99660000000000004
0.99663333333333337
0.99663333333333337
0.99663333333333337
0.99663333333333337
0.9966666666666667
0.99665000000000004
0.99668333333333337
0.99668333333333337
0.99670000000000003
0.99670000000000003
0.9967166666666667
0.99670000000000003
0.9967166666666667
0.99673333333333336
0.99673333333333336
0.99675000000000002
0.99675000000000002
0.99675000000000002
0.99678333333333335
0.99680000000000002
0.99680000000000002
0.99680000000000002
0.99680000000000002
0.99680000000000002
0.99681666666666668
0.99685000000000001
0.99686666666666668
0.99686666666666668
0.99686666666666668
0.99690000000000001
0.99690000000000001
0.99693333333333334
0.99695
0.99696666666666667
0.99698333333333333
0.99698333333333333
0.997
0.997
0.997
0.997
0.997
0.997
0.997
0.99701666666666666
0.99703333333333333
0.99708333333333332
0.99706666666666666
0.99708333333333332
0.99709999999999999
0.99709999999999999
0.99711666666666665
0.99714999999999998
0.99713333333333332
0.99714999999999998
0.99718333333333331
0.99719999999999998
0.99719999999999998
0.99719999999999998
0.99719999999999998
0.99719999999999998
0.99721666666666664
0.99721666666666664
0.99721666666666664
0.99721666666666664
0.99721666666666664
0.99721666666666664
0.9972333333333333
0.99721666666666664
0.9972333333333333
0.99724999999999997
0.99724999999999997
0.99724999999999997
0.99726666666666663
0.99724999999999997
0.99726666666666663
0.9972833333333333
0.9972833333333333
0.99729999999999996
0.99729999999999996
0.99729999999999996
0.99729999999999996
0.9972833333333333
0.99729999999999996
0.99729999999999996
