7.225999832153320312e-01
9.069200158119201660e-01
9.454799890518188477e-01
9.600800275802612305e-01
9.544399976730346680e-01
9.731600284576416016e-01
9.769200086593627930e-01
9.814000129699707031e-01
9.800400137901306152e-01
9.875599741935729980e-01
9.578400254249572754e-01
9.848799705505371094e-01
9.879599809646606445e-01
9.925600290298461914e-01
9.871600270271301270e-01
9.949200153350830078e-01
9.885600209236145020e-01
9.944800138473510742e-01
9.957200288772583008e-01
9.980400204658508301e-01
9.982399940490722656e-01
9.990800023078918457e-01
9.996399879455566406e-01
9.997599720954895020e-01
9.785599708557128906e-01
9.975200295448303223e-01
9.947999715805053711e-01
9.869599938392639160e-01
9.959999918937683105e-01
9.946399927139282227e-01
