7.437599897384643555e-01
8.981999754905700684e-01
9.347199797630310059e-01
9.518799781799316406e-01
9.588800072669982910e-01
9.704800248146057129e-01
9.613999724388122559e-01
9.785599708557128906e-01
9.798399806022644043e-01
9.868800044059753418e-01
9.901599884033203125e-01
9.882000088691711426e-01
9.918400049209594727e-01
9.930800199508666992e-01
9.955199956893920898e-01
9.927999973297119141e-01
9.914799928665161133e-01
9.960799813270568848e-01
9.945999979972839355e-01
9.969999790191650391e-01
9.973599910736083984e-01
9.990400075912475586e-01
9.968400001525878906e-01
9.991599917411804199e-01
9.972800016403198242e-01
9.996399879455566406e-01
9.793999791145324707e-01
9.977999925613403320e-01
9.983599781990051270e-01
9.887199997901916504e-01
