6.908400058746337891e-01
8.920000195503234863e-01
9.305999875068664551e-01
9.547200202941894531e-01
9.634799957275390625e-01
9.646000266075134277e-01
9.734399914741516113e-01
9.804000258445739746e-01
9.840800166130065918e-01
9.849600195884704590e-01
9.810400009155273438e-01
9.896399974822998047e-01
9.904000163078308105e-01
9.896399974822998047e-01
9.910399913787841797e-01
9.947199821472167969e-01
9.714800119400024414e-01
9.952399730682373047e-01
9.535199999809265137e-01
9.953200221061706543e-01
9.974399805068969727e-01
9.981600046157836914e-01
9.953200221061706543e-01
9.975600242614746094e-01
9.966800212860107422e-01
9.680799841880798340e-01
9.958800077438354492e-01
9.985200166702270508e-01
9.955599904060363770e-01
9.993199706077575684e-01
