7.103199958801269531e-01
8.257200121879577637e-01
9.129199981689453125e-01
9.413999915122985840e-01
9.533600211143493652e-01
9.667199850082397461e-01
9.721599817276000977e-01
9.744799733161926270e-01
9.738000035285949707e-01
9.864000082015991211e-01
9.891600012779235840e-01
9.911199808120727539e-01
9.840800166130065918e-01
9.928399920463562012e-01
9.961599707603454590e-01
9.753599762916564941e-01
9.930800199508666992e-01
9.962400197982788086e-01
9.983999729156494141e-01
9.985200166702270508e-01
9.977999925613403320e-01
9.986799955368041992e-01
9.937199950218200684e-01
9.672399759292602539e-01
9.989200234413146973e-01
9.988800287246704102e-01
9.997199773788452148e-01
9.979199767112731934e-01
9.884399771690368652e-01
9.994000196456909180e-01
