7.438399791717529297e-01
9.157199859619140625e-01
9.446799755096435547e-01
9.597600102424621582e-01
9.658799767494201660e-01
9.698799848556518555e-01
9.789599776268005371e-01
9.787999987602233887e-01
9.472399950027465820e-01
9.743599891662597656e-01
9.882799983024597168e-01
9.935200214385986328e-01
9.846000075340270996e-01
8.873199820518493652e-01
9.943199753761291504e-01
9.971600174903869629e-01
9.967600107192993164e-01
9.941200017929077148e-01
9.976800084114074707e-01
9.971200227737426758e-01
9.897999763488769531e-01
9.974799752235412598e-01
9.989600181579589844e-01
9.990800023078918457e-01
9.987199902534484863e-01
9.994000196456909180e-01
9.997199773788452148e-01
9.997599720954895020e-01
9.994800090789794922e-01
9.998800158500671387e-01
