0.92906666666666671
0.95938333333333337
0.9700833333333333
0.97591666666666665
0.97981666666666667
0.98211666666666664
0.98403333333333332
0.98540000000000005
0.98676666666666668
0.98793333333333333
0.98903333333333332
0.98988333333333334
0.99039999999999995
0.99088333333333334
0.99150000000000005
0.99175000000000002
0.99236666666666662
0.99273333333333336
0.99324999999999997
0.99373333333333336
0.99399999999999999
0.9942333333333333
0.99453333333333338
0.99488333333333334
0.99495
0.99524999999999997
0.99550000000000005
0.99578333333333335
0.99595
0.99619999999999997
0.99648333333333339
0.99670000000000003
0.99688333333333334
0.99695
0.99714999999999998
0.99729999999999996
0.99741666666666662
0.99746666666666661
0.99756666666666671
0.99773333333333336
0.99793333333333334
0.99814999999999998
0.99833333333333329
0.99850000000000005
0.99868333333333337
0.99875000000000003
0.99886666666666668
0.99890000000000001
0.99898333333333333
0.99903333333333333
0.99904999999999999
0.99909999999999999
0.99909999999999999
0.99913333333333332
0.99919999999999998
0.99923333333333331
0.99936666666666663
0.99939999999999996
0.99944999999999995
0.99946666666666661
0.99950000000000006
0.99950000000000006
0.99950000000000006
0.99951666666666672
0.99955000000000005
0.99956666666666671
0.99956666666666671
0.99956666666666671
0.99960000000000004
0.99965000000000004
0.99965000000000004
0.9996666666666667
0.9996666666666667
0.99968333333333337
0.99968333333333337
0.99970000000000003
0.99973333333333336
0.99975000000000003
0.99975000000000003
0.99975000000000003
0.99975000000000003
0.99978333333333336
0.99981666666666669
0.99981666666666669
0.99983333333333335
0.99983333333333335
0.99983333333333335
0.99983333333333335
0.99983333333333335
0.99985000000000002
0.99985000000000002
0.99986666666666668
0.99986666666666668
0.99986666666666668
0.99986666666666668
0.99990000000000001
0.99991666666666668
0.99991666666666668
0.99991666666666668
0.99991666666666668
0.99991666666666668
0.99991666666666668
0.99993333333333334
0.99993333333333334
0.99995000000000001
0.99995000000000001
0.99996666666666667
0.99996666666666667
0.99996666666666667
0.99996666666666667
0.99996666666666667
0.99996666666666667
1
1
1
1
1
1
1
1
1
1
1
1
1
1
1
1
1
1
1
1
1
1
1
1
1
1
1
1
1
1
1
1
1
1
1
1
1
1
1
1
1
1
1
1
1
1
1
1
1
1
1
1
1
1
1
1
1
1
1
1
1
1
1
1
1
1
1
1
1
1
1
1
1
1
1
1
1
1
1
1
1
1
1
1
1
1
1
1
