0.90695000000000003
0.95286666666666664
0.96758333333333335
0.97443333333333337
0.97840000000000005
0.98121666666666663
0.98316666666666663
0.98481666666666667
0.98609999999999998
0.98733333333333329
0.98838333333333328
0.98945000000000005
0.99028333333333329
0.99104999999999999
0.99165000000000003
0.99226666666666663
0.9926166666666667
0.99308333333333332
0.99358333333333337
0.99395
0.99433333333333329
0.99468333333333336
0.99518333333333331
0.99555000000000005
0.99580000000000002
0.99621666666666664
0.99651666666666672
0.99670000000000003
0.99691666666666667
0.99709999999999999
0.99726666666666663
0.99743333333333328
0.99755000000000005
0.99765000000000004
0.9977166666666667
0.99785000000000001
0.998
0.99813333333333332
0.99829999999999997
0.99843333333333328
0.99853333333333338
0.99863333333333337
0.99870000000000003
0.99885000000000002
0.99891666666666667
0.99898333333333333
0.99906666666666666
0.99911666666666665
0.99918333333333331
0.99924999999999997
0.99926666666666664
0.99929999999999997
0.99938333333333329
0.99941666666666662
0.99946666666666661
0.99951666666666672
0.99953333333333338
0.99955000000000005
0.99958333333333338
0.99960000000000004
0.99965000000000004
0.99968333333333337
0.99968333333333337
0.99970000000000003
0.99975000000000003
0.99978333333333336
0.99978333333333336
0.99980000000000002
0.99980000000000002
0.99980000000000002
0.99980000000000002
0.99981666666666669
0.99983333333333335
0.99985000000000002
0.99986666666666668
0.99988333333333335
0.99990000000000001
0.99991666666666668
0.99991666666666668
0.99993333333333334
0.99993333333333334
0.99993333333333334
0.99995000000000001
0.99995000000000001
0.99995000000000001
0.99995000000000001
0.99995000000000001
0.99995000000000001
0.99995000000000001
0.99995000000000001
0.99995000000000001
0.99995000000000001
0.99995000000000001
0.99995000000000001
0.99995000000000001
0.99995000000000001
0.99995000000000001
0.99995000000000001
0.99995000000000001
0.99995000000000001
0.99995000000000001
0.99995000000000001
0.99995000000000001
0.99995000000000001
0.99995000000000001
0.99995000000000001
0.99996666666666667
0.99998333333333334
0.99998333333333334
0.99998333333333334
1
1
1
1
1
1
1
1
1
1
1
1
1
1
1
1
1
1
1
1
1
1
1
1
1
1
1
1
1
1
1
1
1
1
1
1
1
1
1
1
1
1
1
1
1
1
1
1
1
1
1
1
1
1
1
1
1
1
1
1
1
1
1
1
1
1
1
1
1
1
1
1
1
1
1
1
1
1
1
1
1
1
1
1
1
1
1
1
1
1
