0.92269999999999996
0.95831666666666671
0.96951666666666669
0.97514999999999996
0.97863333333333336
0.98128333333333329
0.98301666666666665
0.9846166666666667
0.9861833333333333
0.98728333333333329
0.98858333333333337
0.98965000000000003
0.99048333333333338
0.99114999999999998
0.99165000000000003
0.99206666666666665
0.99251666666666671
0.9929
0.99345000000000006
0.99393333333333334
0.99424999999999997
0.99463333333333337
0.99506666666666665
0.9952833333333333
0.99561666666666671
0.99588333333333334
0.99608333333333332
0.9962833333333333
0.99639999999999995
0.99665000000000004
0.99683333333333335
0.99703333333333333
0.99721666666666664
0.99736666666666662
0.99739999999999995
0.99750000000000005
0.99760000000000004
0.99791666666666667
0.99801666666666666
0.99809999999999999
0.99821666666666664
0.99838333333333329
0.99850000000000005
0.99865000000000004
0.9987166666666667
0.99878333333333336
0.99883333333333335
0.99886666666666668
0.99895
0.99901666666666666
0.99906666666666666
0.99916666666666665
0.99921666666666664
0.99923333333333331
0.99926666666666664
0.99929999999999997
0.99931666666666663
0.99934999999999996
0.99936666666666663
0.99939999999999996
0.99946666666666661
0.99946666666666661
0.99946666666666661
0.99950000000000006
0.99953333333333338
0.99955000000000005
0.99958333333333338
0.99958333333333338
0.99963333333333337
0.99968333333333337
0.99968333333333337
0.99970000000000003
0.9997166666666667
0.99973333333333336
0.99976666666666669
0.99978333333333336
0.99980000000000002
0.99985000000000002
0.99985000000000002
0.99985000000000002
0.99985000000000002
0.99985000000000002
0.99988333333333335
0.99988333333333335
0.99988333333333335
0.99988333333333335
0.99988333333333335
0.99990000000000001
0.99991666666666668
0.99991666666666668
0.99991666666666668
0.99991666666666668
0.99991666666666668
0.99991666666666668
0.99993333333333334
0.99995000000000001
0.99996666666666667
0.99996666666666667
0.99996666666666667
0.99996666666666667
0.99996666666666667
0.99998333333333334
0.99998333333333334
0.99998333333333334
0.99998333333333334
0.99998333333333334
0.99998333333333334
0.99998333333333334
0.99998333333333334
1
1
1
1
1
1
1
1
1
1
1
1
1
1
1
1
1
1
1
1
1
1
1
1
1
1
1
1
1
1
1
1
1
1
1
1
1
1
1
1
1
1
1
1
1
1
1
1
1
1
1
1
1
1
1
1
1
1
1
1
1
1
1
1
1
1
1
1
1
1
1
1
1
1
1
1
1
1
1
1
1
1
1
1
1
1
1
1
1
1
1
