0.90578333333333338
0.94948333333333335
0.96589999999999998
0.97340000000000004
0.97843333333333338
0.98093333333333332
0.98293333333333333
0.98465000000000003
0.9862333333333333
0.98763333333333336
0.98845000000000005
0.98919999999999997
0.98998333333333333
0.99055000000000004
0.99114999999999998
0.99165000000000003
0.99214999999999998
0.9926166666666667
0.99326666666666663
0.99385000000000001
0.99418333333333331
0.9946166666666667
0.99490000000000001
0.99513333333333331
0.99541666666666662
0.99565000000000003
0.99590000000000001
0.99613333333333332
0.99633333333333329
0.99648333333333339
0.99675000000000002
0.99696666666666667
0.99724999999999997
0.99750000000000005
0.99765000000000004
0.99778333333333336
0.99795
0.99808333333333332
0.99816666666666665
0.99831666666666663
0.99838333333333329
0.99850000000000005
0.99853333333333338
0.99861666666666671
0.9987166666666667
0.99881666666666669
0.99890000000000001
0.999
0.99904999999999999
0.99909999999999999
0.99911666666666665
0.99916666666666665
0.99924999999999997
0.99926666666666664
0.99936666666666663
0.99938333333333329
0.99941666666666662
0.99944999999999995
0.99951666666666672
0.99953333333333338
0.99956666666666671
0.99956666666666671
0.99958333333333338
0.99963333333333337
0.99965000000000004
0.9996666666666667
0.99968333333333337
0.99970000000000003
0.99976666666666669
0.99980000000000002
0.99980000000000002
0.99980000000000002
0.99983333333333335
0.99983333333333335
0.99983333333333335
0.99985000000000002
0.99985000000000002
0.99985000000000002
0.99985000000000002
0.99988333333333335
0.99988333333333335
0.99990000000000001
0.99990000000000001
0.99990000000000001
0.99990000000000001
0.99991666666666668
0.99991666666666668
0.99991666666666668
0.99991666666666668
0.99991666666666668
0.99991666666666668
0.99993333333333334
0.99993333333333334
0.99993333333333334
0.99993333333333334
0.99993333333333334
0.99993333333333334
0.99995000000000001
0.99996666666666667
0.99996666666666667
0.99998333333333334
0.99998333333333334
0.99998333333333334
0.99998333333333334
0.99998333333333334
0.99998333333333334
0.99998333333333334
0.99998333333333334
1
1
1
1
1
1
1
1
1
1
1
1
1
1
1
1
1
1
1
1
1
1
1
1
1
1
1
1
1
1
1
1
1
1
1
1
1
1
1
1
1
1
1
1
1
1
1
1
1
1
1
1
1
1
1
1
1
1
1
1
1
1
1
1
1
1
1
1
1
1
1
1
1
1
1
1
1
1
1
1
1
1
1
1
1
1
1
1
1
1
1
1
