0.91171666666666662
0.95321666666666671
0.96701666666666664
0.97353333333333336
0.97799999999999998
0.98099999999999998
0.98311666666666664
0.98478333333333334
0.98660000000000003
0.98785000000000001
0.98863333333333336
0.98929999999999996
0.98993333333333333
0.99076666666666668
0.99133333333333329
0.99181666666666668
0.9922833333333333
0.99270000000000003
0.99313333333333331
0.99351666666666671
0.99393333333333334
0.99414999999999998
0.99446666666666672
0.99481666666666668
0.99513333333333331
0.99544999999999995
0.99583333333333335
0.9962833333333333
0.99656666666666671
0.99681666666666668
0.99708333333333332
0.99724999999999997
0.99751666666666672
0.9977166666666667
0.99785000000000001
0.99798333333333333
0.99811666666666665
0.99823333333333331
0.99841666666666662
0.99858333333333338
0.99870000000000003
0.99875000000000003
0.99881666666666669
0.99886666666666668
0.99890000000000001
0.999
0.99909999999999999
0.99914999999999998
0.99914999999999998
0.99921666666666664
0.99923333333333331
0.9992833333333333
0.99929999999999997
0.9993333333333333
0.99936666666666663
0.99941666666666662
0.99946666666666661
0.99950000000000006
0.99960000000000004
0.99961666666666671
0.99961666666666671
0.99963333333333337
0.99963333333333337
0.9996666666666667
0.99973333333333336
0.99976666666666669
0.99976666666666669
0.99981666666666669
0.99983333333333335
0.99983333333333335
0.99985000000000002
0.99986666666666668
0.99986666666666668
0.99986666666666668
0.99986666666666668
0.99986666666666668
0.99986666666666668
0.99986666666666668
0.99988333333333335
0.99990000000000001
0.99990000000000001
0.99990000000000001
0.99990000000000001
0.99991666666666668
0.99991666666666668
0.99991666666666668
0.99991666666666668
0.99991666666666668
0.99993333333333334
0.99995000000000001
0.99995000000000001
0.99996666666666667
0.99996666666666667
0.99996666666666667
0.99996666666666667
0.99996666666666667
0.99996666666666667
0.99998333333333334
0.99998333333333334
0.99998333333333334
0.99998333333333334
1
1
1
1
1
1
1
1
1
1
1
1
1
1
1
1
1
1
1
1
1
1
1
1
1
1
1
1
1
1
1
1
1
1
1
1
1
1
1
1
1
1
1
1
1
1
1
1
1
1
1
1
1
1
1
1
1
1
1
1
1
1
1
1
1
1
1
1
1
1
1
1
1
1
1
1
1
1
1
1
1
1
1
1
1
1
1
1
1
1
1
1
1
1
1
1
1
1
1
