9.417333602905273438e-01
9.659500122070312500e-01
9.747999906539916992e-01
9.803333282470703125e-01
9.833666682243347168e-01
9.856833219528198242e-01
9.868500232696533203e-01
9.881666898727416992e-01
9.896166920661926270e-01
9.892666935920715332e-01
9.904500246047973633e-01
9.918333292007446289e-01
9.924333095550537109e-01
9.928333163261413574e-01
9.938499927520751953e-01
9.939666390419006348e-01
9.947666525840759277e-01
9.946500062942504883e-01
9.941166639328002930e-01
9.948166608810424805e-01
9.957833290100097656e-01
9.958999752998352051e-01
9.962499737739562988e-01
9.965500235557556152e-01
9.969833493232727051e-01
9.970999956130981445e-01
9.973666667938232422e-01
9.976000189781188965e-01
9.976000189781188965e-01
9.980000257492065430e-01
9.980999827384948730e-01
9.982166886329650879e-01
9.984666705131530762e-01
9.982333183288574219e-01
9.984666705131530762e-01
9.987000226974487305e-01
9.987499713897705078e-01
9.987833499908447266e-01
9.991000294685363770e-01
9.990333318710327148e-01
9.992666840553283691e-01
9.992333054542541504e-01
9.991999864578247070e-01
9.992833137512207031e-01
9.990500211715698242e-01
9.994500279426574707e-01
9.994500279426574707e-01
9.994666576385498047e-01
9.995833039283752441e-01
9.995333552360534668e-01
9.995999932289123535e-01
9.995999932289123535e-01
9.997000098228454590e-01
9.995666742324829102e-01
9.997000098228454590e-01
9.996666908264160156e-01
9.997166395187377930e-01
9.996666908264160156e-01
9.997833371162414551e-01
9.997500181198120117e-01
9.998000264167785645e-01
9.998000264167785645e-01
9.997833371162414551e-01
9.998333454132080078e-01
9.998499751091003418e-01
9.998999834060668945e-01
9.998166561126708984e-01
9.998499751091003418e-01
9.998333454132080078e-01
9.998666644096374512e-01
9.998666644096374512e-01
9.998166561126708984e-01
9.998833537101745605e-01
9.999166727066040039e-01
9.998666644096374512e-01
9.998999834060668945e-01
9.999166727066040039e-01
9.999166727066040039e-01
9.999166727066040039e-01
9.999166727066040039e-01
9.999333620071411133e-01
9.998999834060668945e-01
9.999333620071411133e-01
9.999166727066040039e-01
9.999499917030334473e-01
9.999499917030334473e-01
9.999333620071411133e-01
9.999499917030334473e-01
9.999333620071411133e-01
9.999499917030334473e-01
9.999666810035705566e-01
9.999833106994628906e-01
9.999833106994628906e-01
9.999166727066040039e-01
9.999333620071411133e-01
9.999499917030334473e-01
9.999833106994628906e-01
1.000000000000000000e+00
9.999666810035705566e-01
9.999499917030334473e-01
1.000000000000000000e+00
1.000000000000000000e+00
1.000000000000000000e+00
1.000000000000000000e+00
1.000000000000000000e+00
9.999833106994628906e-01
1.000000000000000000e+00
1.000000000000000000e+00
9.999833106994628906e-01
1.000000000000000000e+00
1.000000000000000000e+00
1.000000000000000000e+00
1.000000000000000000e+00
1.000000000000000000e+00
1.000000000000000000e+00
1.000000000000000000e+00
1.000000000000000000e+00
1.000000000000000000e+00
1.000000000000000000e+00
1.000000000000000000e+00
1.000000000000000000e+00
1.000000000000000000e+00
1.000000000000000000e+00
1.000000000000000000e+00
1.000000000000000000e+00
1.000000000000000000e+00
1.000000000000000000e+00
1.000000000000000000e+00
1.000000000000000000e+00
1.000000000000000000e+00
1.000000000000000000e+00
1.000000000000000000e+00
1.000000000000000000e+00
1.000000000000000000e+00
1.000000000000000000e+00
1.000000000000000000e+00
1.000000000000000000e+00
1.000000000000000000e+00
1.000000000000000000e+00
1.000000000000000000e+00
1.000000000000000000e+00
1.000000000000000000e+00
1.000000000000000000e+00
1.000000000000000000e+00
1.000000000000000000e+00
1.000000000000000000e+00
1.000000000000000000e+00
1.000000000000000000e+00
1.000000000000000000e+00
1.000000000000000000e+00
1.000000000000000000e+00
1.000000000000000000e+00
1.000000000000000000e+00
1.000000000000000000e+00
1.000000000000000000e+00
1.000000000000000000e+00
1.000000000000000000e+00
1.000000000000000000e+00
1.000000000000000000e+00
1.000000000000000000e+00
1.000000000000000000e+00
1.000000000000000000e+00
1.000000000000000000e+00
1.000000000000000000e+00
1.000000000000000000e+00
1.000000000000000000e+00
1.000000000000000000e+00
1.000000000000000000e+00
1.000000000000000000e+00
1.000000000000000000e+00
1.000000000000000000e+00
1.000000000000000000e+00
1.000000000000000000e+00
1.000000000000000000e+00
1.000000000000000000e+00
1.000000000000000000e+00
1.000000000000000000e+00
1.000000000000000000e+00
1.000000000000000000e+00
1.000000000000000000e+00
1.000000000000000000e+00
1.000000000000000000e+00
1.000000000000000000e+00
1.000000000000000000e+00
1.000000000000000000e+00
1.000000000000000000e+00
1.000000000000000000e+00
1.000000000000000000e+00
1.000000000000000000e+00
1.000000000000000000e+00
1.000000000000000000e+00
1.000000000000000000e+00
1.000000000000000000e+00
1.000000000000000000e+00
1.000000000000000000e+00
1.000000000000000000e+00
1.000000000000000000e+00
1.000000000000000000e+00
1.000000000000000000e+00
1.000000000000000000e+00
