9.483166933059692383e-01
9.679833054542541504e-01
9.760166406631469727e-01
9.796333312988281250e-01
9.825999736785888672e-01
9.847833514213562012e-01
9.861500263214111328e-01
9.873999953269958496e-01
9.889333248138427734e-01
9.885166883468627930e-01
9.890999794006347656e-01
9.905833601951599121e-01
9.912999868392944336e-01
9.922166466712951660e-01
9.922833442687988281e-01
9.921166896820068359e-01
9.932333230972290039e-01
9.942333102226257324e-01
9.935333132743835449e-01
9.948333501815795898e-01
9.952333569526672363e-01
9.952499866485595703e-01
9.955499768257141113e-01
9.959666728973388672e-01
9.961166381835937500e-01
9.959499835968017578e-01
9.968833327293395996e-01
9.970833063125610352e-01
9.973333477973937988e-01
9.973000288009643555e-01
9.973166584968566895e-01
9.976833462715148926e-01
9.972000122070312500e-01
9.977833628654479980e-01
9.981499910354614258e-01
9.987333416938781738e-01
9.987999796867370605e-01
9.986333250999450684e-01
9.984166622161865234e-01
9.990000128746032715e-01
9.989833235740661621e-01
9.990500211715698242e-01
9.990500211715698242e-01
9.991499781608581543e-01
9.993000030517578125e-01
9.993000030517578125e-01
9.993166923522949219e-01
9.994333386421203613e-01
9.993666410446166992e-01
9.993666410446166992e-01
9.994666576385498047e-01
9.995333552360534668e-01
9.994833469390869141e-01
9.996666908264160156e-01
9.995166659355163574e-01
9.994000196456909180e-01
9.995666742324829102e-01
9.997333288192749023e-01
9.998000264167785645e-01
9.998166561126708984e-01
9.998166561126708984e-01
9.998166561126708984e-01
9.997833371162414551e-01
9.998666644096374512e-01
9.998666644096374512e-01
9.998000264167785645e-01
9.998666644096374512e-01
9.998499751091003418e-01
9.998833537101745605e-01
9.998333454132080078e-01
9.998833537101745605e-01
9.998499751091003418e-01
9.999166727066040039e-01
9.999499917030334473e-01
9.999166727066040039e-01
9.999333620071411133e-01
9.998999834060668945e-01
9.999333620071411133e-01
9.999666810035705566e-01
9.999666810035705566e-01
9.999833106994628906e-01
9.999333620071411133e-01
9.999499917030334473e-01
9.999833106994628906e-01
9.999166727066040039e-01
9.999666810035705566e-01
9.999833106994628906e-01
9.999833106994628906e-01
1.000000000000000000e+00
1.000000000000000000e+00
9.999833106994628906e-01
1.000000000000000000e+00
1.000000000000000000e+00
9.999833106994628906e-01
9.999833106994628906e-01
1.000000000000000000e+00
1.000000000000000000e+00
1.000000000000000000e+00
1.000000000000000000e+00
9.999666810035705566e-01
1.000000000000000000e+00
1.000000000000000000e+00
9.999833106994628906e-01
1.000000000000000000e+00
1.000000000000000000e+00
1.000000000000000000e+00
1.000000000000000000e+00
1.000000000000000000e+00
1.000000000000000000e+00
1.000000000000000000e+00
1.000000000000000000e+00
1.000000000000000000e+00
1.000000000000000000e+00
1.000000000000000000e+00
1.000000000000000000e+00
1.000000000000000000e+00
1.000000000000000000e+00
1.000000000000000000e+00
1.000000000000000000e+00
1.000000000000000000e+00
1.000000000000000000e+00
1.000000000000000000e+00
1.000000000000000000e+00
1.000000000000000000e+00
1.000000000000000000e+00
1.000000000000000000e+00
1.000000000000000000e+00
1.000000000000000000e+00
1.000000000000000000e+00
1.000000000000000000e+00
1.000000000000000000e+00
1.000000000000000000e+00
1.000000000000000000e+00
1.000000000000000000e+00
1.000000000000000000e+00
1.000000000000000000e+00
1.000000000000000000e+00
1.000000000000000000e+00
1.000000000000000000e+00
1.000000000000000000e+00
1.000000000000000000e+00
1.000000000000000000e+00
1.000000000000000000e+00
1.000000000000000000e+00
1.000000000000000000e+00
1.000000000000000000e+00
1.000000000000000000e+00
1.000000000000000000e+00
1.000000000000000000e+00
1.000000000000000000e+00
1.000000000000000000e+00
1.000000000000000000e+00
1.000000000000000000e+00
1.000000000000000000e+00
1.000000000000000000e+00
1.000000000000000000e+00
1.000000000000000000e+00
1.000000000000000000e+00
1.000000000000000000e+00
1.000000000000000000e+00
1.000000000000000000e+00
1.000000000000000000e+00
1.000000000000000000e+00
1.000000000000000000e+00
1.000000000000000000e+00
1.000000000000000000e+00
1.000000000000000000e+00
1.000000000000000000e+00
1.000000000000000000e+00
1.000000000000000000e+00
1.000000000000000000e+00
1.000000000000000000e+00
1.000000000000000000e+00
1.000000000000000000e+00
1.000000000000000000e+00
1.000000000000000000e+00
1.000000000000000000e+00
1.000000000000000000e+00
1.000000000000000000e+00
1.000000000000000000e+00
1.000000000000000000e+00
1.000000000000000000e+00
1.000000000000000000e+00
1.000000000000000000e+00
1.000000000000000000e+00
1.000000000000000000e+00
1.000000000000000000e+00
1.000000000000000000e+00
1.000000000000000000e+00
1.000000000000000000e+00
1.000000000000000000e+00
1.000000000000000000e+00
1.000000000000000000e+00
1.000000000000000000e+00
1.000000000000000000e+00
1.000000000000000000e+00
1.000000000000000000e+00
1.000000000000000000e+00
1.000000000000000000e+00
1.000000000000000000e+00
