9.481666684150695801e-01
9.694499969482421875e-01
9.772499799728393555e-01
9.811666607856750488e-01
9.838666915893554688e-01
9.851833581924438477e-01
9.874500036239624023e-01
9.884499907493591309e-01
9.890499711036682129e-01
9.901499748229980469e-01
9.911333322525024414e-01
9.912833571434020996e-01
9.919666647911071777e-01
9.926833510398864746e-01
9.932000041007995605e-01
9.929000139236450195e-01
9.929000139236450195e-01
9.948833584785461426e-01
9.945833086967468262e-01
9.956499934196472168e-01
9.959333539009094238e-01
9.960500001907348633e-01
9.958166480064392090e-01
9.969666600227355957e-01
9.968500137329101562e-01
9.970833063125610352e-01
9.970999956130981445e-01
9.977666735649108887e-01
9.975166916847229004e-01
9.973166584968566895e-01
9.980333447456359863e-01
9.974666833877563477e-01
9.982833266258239746e-01
9.983166456222534180e-01
9.985833168029785156e-01
9.985666871070861816e-01
9.983999729156494141e-01
9.987499713897705078e-01
9.984833598136901855e-01
9.987666606903076172e-01
9.987000226974487305e-01
9.989166855812072754e-01
9.990833401679992676e-01
9.990666508674621582e-01
9.992166757583618164e-01
9.992333054542541504e-01
9.992166757583618164e-01
9.993000030517578125e-01
9.994666576385498047e-01
9.993833303451538086e-01
9.994833469390869141e-01
9.994833469390869141e-01
9.995666742324829102e-01
9.996333122253417969e-01
9.995333552360534668e-01
9.996833205223083496e-01
9.996666908264160156e-01
9.997000098228454590e-01
9.996333122253417969e-01
9.996833205223083496e-01
9.998000264167785645e-01
9.997333288192749023e-01
9.997666478157043457e-01
9.998166561126708984e-01
9.998000264167785645e-01
9.997833371162414551e-01
9.998333454132080078e-01
9.998833537101745605e-01
9.998833537101745605e-01
9.998666644096374512e-01
9.998999834060668945e-01
9.998166561126708984e-01
9.999166727066040039e-01
9.999166727066040039e-01
9.998666644096374512e-01
9.999166727066040039e-01
9.999333620071411133e-01
9.999166727066040039e-01
9.999333620071411133e-01
9.999499917030334473e-01
9.998666644096374512e-01
9.999333620071411133e-01
9.999333620071411133e-01
9.999333620071411133e-01
9.999333620071411133e-01
9.999499917030334473e-01
9.999499917030334473e-01
9.999666810035705566e-01
9.999666810035705566e-01
9.999833106994628906e-01
9.999833106994628906e-01
9.999833106994628906e-01
9.999499917030334473e-01
9.999833106994628906e-01
9.999833106994628906e-01
9.999499917030334473e-01
9.999833106994628906e-01
1.000000000000000000e+00
9.999833106994628906e-01
1.000000000000000000e+00
1.000000000000000000e+00
1.000000000000000000e+00
1.000000000000000000e+00
1.000000000000000000e+00
1.000000000000000000e+00
1.000000000000000000e+00
1.000000000000000000e+00
1.000000000000000000e+00
1.000000000000000000e+00
1.000000000000000000e+00
1.000000000000000000e+00
1.000000000000000000e+00
1.000000000000000000e+00
1.000000000000000000e+00
1.000000000000000000e+00
1.000000000000000000e+00
1.000000000000000000e+00
1.000000000000000000e+00
1.000000000000000000e+00
1.000000000000000000e+00
1.000000000000000000e+00
1.000000000000000000e+00
1.000000000000000000e+00
1.000000000000000000e+00
1.000000000000000000e+00
1.000000000000000000e+00
1.000000000000000000e+00
1.000000000000000000e+00
1.000000000000000000e+00
1.000000000000000000e+00
1.000000000000000000e+00
1.000000000000000000e+00
1.000000000000000000e+00
1.000000000000000000e+00
1.000000000000000000e+00
1.000000000000000000e+00
1.000000000000000000e+00
1.000000000000000000e+00
1.000000000000000000e+00
1.000000000000000000e+00
1.000000000000000000e+00
1.000000000000000000e+00
1.000000000000000000e+00
1.000000000000000000e+00
1.000000000000000000e+00
1.000000000000000000e+00
1.000000000000000000e+00
1.000000000000000000e+00
1.000000000000000000e+00
1.000000000000000000e+00
1.000000000000000000e+00
1.000000000000000000e+00
1.000000000000000000e+00
1.000000000000000000e+00
1.000000000000000000e+00
1.000000000000000000e+00
1.000000000000000000e+00
1.000000000000000000e+00
1.000000000000000000e+00
1.000000000000000000e+00
1.000000000000000000e+00
1.000000000000000000e+00
1.000000000000000000e+00
1.000000000000000000e+00
1.000000000000000000e+00
1.000000000000000000e+00
1.000000000000000000e+00
1.000000000000000000e+00
1.000000000000000000e+00
1.000000000000000000e+00
1.000000000000000000e+00
1.000000000000000000e+00
1.000000000000000000e+00
1.000000000000000000e+00
1.000000000000000000e+00
1.000000000000000000e+00
1.000000000000000000e+00
1.000000000000000000e+00
1.000000000000000000e+00
1.000000000000000000e+00
1.000000000000000000e+00
1.000000000000000000e+00
1.000000000000000000e+00
1.000000000000000000e+00
1.000000000000000000e+00
1.000000000000000000e+00
1.000000000000000000e+00
1.000000000000000000e+00
1.000000000000000000e+00
1.000000000000000000e+00
1.000000000000000000e+00
1.000000000000000000e+00
1.000000000000000000e+00
1.000000000000000000e+00
1.000000000000000000e+00
1.000000000000000000e+00
1.000000000000000000e+00
1.000000000000000000e+00
1.000000000000000000e+00
1.000000000000000000e+00
