9.476666450500488281e-01
9.682833552360534668e-01
9.757833480834960938e-01
9.800666570663452148e-01
9.822166562080383301e-01
9.853666424751281738e-01
9.872833490371704102e-01
9.885166883468627930e-01
9.883999824523925781e-01
9.905833601951599121e-01
9.905166625976562500e-01
9.918000102043151855e-01
9.925666451454162598e-01
9.928500056266784668e-01
9.937999844551086426e-01
9.939333200454711914e-01
9.938333630561828613e-01
9.946833252906799316e-01
9.949499964714050293e-01
9.940833449363708496e-01
9.953500032424926758e-01
9.958999752998352051e-01
9.961666464805603027e-01
9.966166615486145020e-01
9.965666532516479492e-01
9.961833357810974121e-01
9.972833395004272461e-01
9.975500106811523438e-01
9.974499940872192383e-01
9.979500174522399902e-01
9.978500008583068848e-01
9.978500008583068848e-01
9.982500076293945312e-01
9.984499812126159668e-01
9.985833168029785156e-01
9.986000061035156250e-01
9.989500045776367188e-01
9.989333152770996094e-01
9.989666938781738281e-01
9.991166591644287109e-01
9.991333484649658203e-01
9.992833137512207031e-01
9.993166923522949219e-01
9.994500279426574707e-01
9.995166659355163574e-01
9.994999766349792480e-01
9.995666742324829102e-01
9.996166825294494629e-01
9.996666908264160156e-01
9.995999932289123535e-01
9.997000098228454590e-01
9.996666908264160156e-01
9.995999932289123535e-01
9.997000098228454590e-01
9.996500015258789062e-01
9.998000264167785645e-01
9.998000264167785645e-01
9.998000264167785645e-01
9.998666644096374512e-01
9.998999834060668945e-01
9.998833537101745605e-01
9.999333620071411133e-01
9.999166727066040039e-01
9.999333620071411133e-01
9.998999834060668945e-01
9.999333620071411133e-01
9.998999834060668945e-01
9.999333620071411133e-01
9.999499917030334473e-01
9.999499917030334473e-01
9.999333620071411133e-01
9.999499917030334473e-01
9.999666810035705566e-01
9.999666810035705566e-01
9.999666810035705566e-01
9.999499917030334473e-01
9.999666810035705566e-01
9.999833106994628906e-01
9.999499917030334473e-01
9.999833106994628906e-01
9.999833106994628906e-01
9.999833106994628906e-01
9.999833106994628906e-01
9.999499917030334473e-01
9.999833106994628906e-01
9.999833106994628906e-01
9.999833106994628906e-01
9.999833106994628906e-01
9.999833106994628906e-01
9.999833106994628906e-01
9.999666810035705566e-01
9.999833106994628906e-01
9.999833106994628906e-01
9.999833106994628906e-01
9.999833106994628906e-01
9.999833106994628906e-01
9.999833106994628906e-01
9.999833106994628906e-01
9.999833106994628906e-01
9.999833106994628906e-01
9.999833106994628906e-01
9.999833106994628906e-01
9.999833106994628906e-01
9.999833106994628906e-01
9.999833106994628906e-01
9.999833106994628906e-01
9.999833106994628906e-01
9.999833106994628906e-01
9.999833106994628906e-01
9.999833106994628906e-01
9.999833106994628906e-01
1.000000000000000000e+00
1.000000000000000000e+00
1.000000000000000000e+00
1.000000000000000000e+00
1.000000000000000000e+00
1.000000000000000000e+00
1.000000000000000000e+00
1.000000000000000000e+00
1.000000000000000000e+00
1.000000000000000000e+00
1.000000000000000000e+00
1.000000000000000000e+00
1.000000000000000000e+00
1.000000000000000000e+00
1.000000000000000000e+00
1.000000000000000000e+00
1.000000000000000000e+00
1.000000000000000000e+00
1.000000000000000000e+00
1.000000000000000000e+00
1.000000000000000000e+00
1.000000000000000000e+00
1.000000000000000000e+00
1.000000000000000000e+00
1.000000000000000000e+00
1.000000000000000000e+00
1.000000000000000000e+00
1.000000000000000000e+00
1.000000000000000000e+00
1.000000000000000000e+00
1.000000000000000000e+00
1.000000000000000000e+00
1.000000000000000000e+00
1.000000000000000000e+00
1.000000000000000000e+00
1.000000000000000000e+00
1.000000000000000000e+00
1.000000000000000000e+00
1.000000000000000000e+00
1.000000000000000000e+00
1.000000000000000000e+00
1.000000000000000000e+00
1.000000000000000000e+00
1.000000000000000000e+00
1.000000000000000000e+00
1.000000000000000000e+00
1.000000000000000000e+00
1.000000000000000000e+00
1.000000000000000000e+00
1.000000000000000000e+00
1.000000000000000000e+00
1.000000000000000000e+00
1.000000000000000000e+00
1.000000000000000000e+00
1.000000000000000000e+00
1.000000000000000000e+00
1.000000000000000000e+00
1.000000000000000000e+00
1.000000000000000000e+00
1.000000000000000000e+00
1.000000000000000000e+00
1.000000000000000000e+00
1.000000000000000000e+00
1.000000000000000000e+00
1.000000000000000000e+00
1.000000000000000000e+00
1.000000000000000000e+00
1.000000000000000000e+00
1.000000000000000000e+00
1.000000000000000000e+00
1.000000000000000000e+00
1.000000000000000000e+00
1.000000000000000000e+00
1.000000000000000000e+00
1.000000000000000000e+00
1.000000000000000000e+00
1.000000000000000000e+00
1.000000000000000000e+00
1.000000000000000000e+00
1.000000000000000000e+00
1.000000000000000000e+00
1.000000000000000000e+00
1.000000000000000000e+00
1.000000000000000000e+00
1.000000000000000000e+00
1.000000000000000000e+00
1.000000000000000000e+00
1.000000000000000000e+00
1.000000000000000000e+00
