9.444000124931335449e-01
9.676499962806701660e-01
9.766833186149597168e-01
9.813500046730041504e-01
9.833333492279052734e-01
9.854666590690612793e-01
9.873333573341369629e-01
9.883999824523925781e-01
9.896666407585144043e-01
9.904000163078308105e-01
9.911500215530395508e-01
9.916166663169860840e-01
9.924166798591613770e-01
9.930999875068664551e-01
9.936166405677795410e-01
9.939666390419006348e-01
9.941666722297668457e-01
9.943000078201293945e-01
9.953166842460632324e-01
9.955000281333923340e-01
9.951999783515930176e-01
9.962833523750305176e-01
9.965999722480773926e-01
9.969000220298767090e-01
9.967833161354064941e-01
9.969000220298767090e-01
9.961666464805603027e-01
9.977999925613403320e-01
9.977999925613403320e-01
9.979666471481323242e-01
9.982833266258239746e-01
9.985666871070861816e-01
9.981166720390319824e-01
9.985666871070861816e-01
9.987499713897705078e-01
9.987333416938781738e-01
9.983500242233276367e-01
9.990833401679992676e-01
9.990666508674621582e-01
9.990333318710327148e-01
9.990000128746032715e-01
9.991499781608581543e-01
9.993666410446166992e-01
9.993833303451538086e-01
9.993833303451538086e-01
9.993500113487243652e-01
9.994500279426574707e-01
9.994666576385498047e-01
9.995833039283752441e-01
9.995666742324829102e-01
9.995333552360534668e-01
9.996666908264160156e-01
9.996333122253417969e-01
9.995833039283752441e-01
9.996833205223083496e-01
9.997000098228454590e-01
9.997833371162414551e-01
9.998000264167785645e-01
9.997666478157043457e-01
9.998333454132080078e-01
9.998833537101745605e-01
9.998333454132080078e-01
9.998666644096374512e-01
9.998666644096374512e-01
9.998999834060668945e-01
9.998833537101745605e-01
9.998999834060668945e-01
9.998833537101745605e-01
9.999166727066040039e-01
9.998333454132080078e-01
9.999333620071411133e-01
9.999333620071411133e-01
9.999333620071411133e-01
9.999333620071411133e-01
9.998499751091003418e-01
9.999666810035705566e-01
9.999499917030334473e-01
9.999666810035705566e-01
9.999333620071411133e-01
9.999666810035705566e-01
9.999499917030334473e-01
9.999333620071411133e-01
9.999499917030334473e-01
9.999666810035705566e-01
9.999833106994628906e-01
9.999499917030334473e-01
9.999666810035705566e-01
9.999333620071411133e-01
9.999833106994628906e-01
9.999833106994628906e-01
9.999833106994628906e-01
9.999833106994628906e-01
9.999833106994628906e-01
9.999833106994628906e-01
9.999833106994628906e-01
9.999833106994628906e-01
9.999833106994628906e-01
9.999833106994628906e-01
9.999833106994628906e-01
9.999833106994628906e-01
9.999833106994628906e-01
9.999833106994628906e-01
9.999833106994628906e-01
9.999833106994628906e-01
9.999833106994628906e-01
9.999833106994628906e-01
9.999833106994628906e-01
9.999833106994628906e-01
9.999833106994628906e-01
9.999833106994628906e-01
9.999833106994628906e-01
9.999833106994628906e-01
9.999833106994628906e-01
9.999833106994628906e-01
9.999833106994628906e-01
9.999833106994628906e-01
9.999833106994628906e-01
9.999833106994628906e-01
1.000000000000000000e+00
1.000000000000000000e+00
9.999833106994628906e-01
1.000000000000000000e+00
1.000000000000000000e+00
9.999833106994628906e-01
1.000000000000000000e+00
1.000000000000000000e+00
1.000000000000000000e+00
1.000000000000000000e+00
1.000000000000000000e+00
1.000000000000000000e+00
1.000000000000000000e+00
1.000000000000000000e+00
1.000000000000000000e+00
1.000000000000000000e+00
1.000000000000000000e+00
1.000000000000000000e+00
1.000000000000000000e+00
1.000000000000000000e+00
1.000000000000000000e+00
1.000000000000000000e+00
1.000000000000000000e+00
1.000000000000000000e+00
1.000000000000000000e+00
1.000000000000000000e+00
1.000000000000000000e+00
1.000000000000000000e+00
1.000000000000000000e+00
1.000000000000000000e+00
1.000000000000000000e+00
1.000000000000000000e+00
1.000000000000000000e+00
1.000000000000000000e+00
1.000000000000000000e+00
1.000000000000000000e+00
1.000000000000000000e+00
1.000000000000000000e+00
1.000000000000000000e+00
1.000000000000000000e+00
1.000000000000000000e+00
1.000000000000000000e+00
1.000000000000000000e+00
1.000000000000000000e+00
1.000000000000000000e+00
1.000000000000000000e+00
1.000000000000000000e+00
1.000000000000000000e+00
1.000000000000000000e+00
1.000000000000000000e+00
1.000000000000000000e+00
1.000000000000000000e+00
1.000000000000000000e+00
1.000000000000000000e+00
1.000000000000000000e+00
1.000000000000000000e+00
1.000000000000000000e+00
1.000000000000000000e+00
1.000000000000000000e+00
1.000000000000000000e+00
1.000000000000000000e+00
1.000000000000000000e+00
1.000000000000000000e+00
1.000000000000000000e+00
1.000000000000000000e+00
1.000000000000000000e+00
1.000000000000000000e+00
1.000000000000000000e+00
1.000000000000000000e+00
1.000000000000000000e+00
1.000000000000000000e+00
1.000000000000000000e+00
1.000000000000000000e+00
1.000000000000000000e+00
1.000000000000000000e+00
1.000000000000000000e+00
1.000000000000000000e+00
1.000000000000000000e+00
1.000000000000000000e+00
1.000000000000000000e+00
1.000000000000000000e+00
1.000000000000000000e+00
