9.041833281517028809e-01
9.336166381835937500e-01
9.497833251953125000e-01
9.598166942596435547e-01
9.648000001907348633e-01
9.697999954223632812e-01
9.717000126838684082e-01
9.742666482925415039e-01
9.758499860763549805e-01
9.772333502769470215e-01
9.778166413307189941e-01
9.791333079338073730e-01
9.801666736602783203e-01
9.805166721343994141e-01
9.814166426658630371e-01
9.820166826248168945e-01
9.829166531562805176e-01
9.833333492279052734e-01
9.838666915893554688e-01
9.839333295822143555e-01
9.847999811172485352e-01
9.849166870117187500e-01
9.852833151817321777e-01
9.857833385467529297e-01
9.859666824340820312e-01
9.860166907310485840e-01
9.866833090782165527e-01
9.868999719619750977e-01
9.868666529655456543e-01
9.872999787330627441e-01
9.873999953269958496e-01
9.876166582107543945e-01
9.878666400909423828e-01
9.881333112716674805e-01
9.883000254631042480e-01
9.882500171661376953e-01
9.888333082199096680e-01
9.889833331108093262e-01
9.891666769981384277e-01
9.895333051681518555e-01
9.896666407585144043e-01
9.897000193595886230e-01
9.898833036422729492e-01
9.898999929428100586e-01
9.895666837692260742e-01
9.901999831199645996e-01
9.903666377067565918e-01
9.903833270072937012e-01
9.902499914169311523e-01
9.901999831199645996e-01
9.906666874885559082e-01
9.906833171844482422e-01
9.909833073616027832e-01
9.910666942596435547e-01
9.909999966621398926e-01
9.911166429519653320e-01
9.915333390235900879e-01
9.911999702453613281e-01
9.914500117301940918e-01
9.917666912078857422e-01
9.913666844367980957e-01
9.918000102043151855e-01
9.917166829109191895e-01
9.917666912078857422e-01
9.921833276748657227e-01
9.921500086784362793e-01
9.919833540916442871e-01
9.922333359718322754e-01
9.925000071525573730e-01
9.920333623886108398e-01
9.925500154495239258e-01
9.926000237464904785e-01
9.925000071525573730e-01
9.927166700363159180e-01
9.928166866302490234e-01
9.927833080291748047e-01
9.928833246231079102e-01
9.929999709129333496e-01
9.930166602134704590e-01
9.932666420936584473e-01
9.932833313941955566e-01
9.934666752815246582e-01
9.932500123977661133e-01
9.932666420936584473e-01
9.935333132743835449e-01
9.937000274658203125e-01
9.934999942779541016e-01
9.934833049774169922e-01
9.938833117485046387e-01
9.936833381652832031e-01
9.937833547592163086e-01
9.939500093460083008e-01
9.939500093460083008e-01
9.941166639328002930e-01
9.938166737556457520e-01
9.942833185195922852e-01
9.942333102226257324e-01
9.941833615303039551e-01
9.941666722297668457e-01
9.941499829292297363e-01
9.945166707038879395e-01
9.943666458129882812e-01
9.945999979972839355e-01
9.946333169937133789e-01
9.944499731063842773e-01
9.945999979972839355e-01
9.943333268165588379e-01
9.945833086967468262e-01
9.948833584785461426e-01
9.945999979972839355e-01
9.950333237648010254e-01
9.947833418846130371e-01
9.949499964714050293e-01
9.948166608810424805e-01
9.946166872978210449e-01
9.949833154678344727e-01
9.950833320617675781e-01
9.950333237648010254e-01
9.951333403587341309e-01
9.951000213623046875e-01
9.950666427612304688e-01
9.951666593551635742e-01
9.953333139419555664e-01
9.953166842460632324e-01
9.951833486557006836e-01
9.956666827201843262e-01
9.954500198364257812e-01
9.954500198364257812e-01
9.951833486557006836e-01
9.955666661262512207e-01
9.957000017166137695e-01
9.955666661262512207e-01
9.957833290100097656e-01
9.956333041191101074e-01
9.955166578292846680e-01
9.958000183105468750e-01
9.959166646003723145e-01
9.957666397094726562e-01
9.958166480064392090e-01
9.958833456039428711e-01
9.958833456039428711e-01
9.959166646003723145e-01
9.959333539009094238e-01
9.958333373069763184e-01
9.961666464805603027e-01
9.962666630744934082e-01
9.961666464805603027e-01
9.959999918937683105e-01
9.962833523750305176e-01
9.958833456039428711e-01
9.963166713714599609e-01
9.961333274841308594e-01
9.962999820709228516e-01
9.963666796684265137e-01
9.963333606719970703e-01
9.965166449546813965e-01
9.964166879653930664e-01
9.965166449546813965e-01
9.964666962623596191e-01
9.966499805450439453e-01
9.965166449546813965e-01
9.965500235557556152e-01
9.965333342552185059e-01
9.965333342552185059e-01
9.966499805450439453e-01
9.967499971389770508e-01
9.967666864395141602e-01
9.966999888420104980e-01
9.967166781425476074e-01
9.965833425521850586e-01
9.967833161354064941e-01
9.965500235557556152e-01
9.968666434288024902e-01
9.967666864395141602e-01
9.968500137329101562e-01
9.969499707221984863e-01
9.969499707221984863e-01
9.969166517257690430e-01
9.970666766166687012e-01
9.969499707221984863e-01
9.968666434288024902e-01
9.969499707221984863e-01
9.970999956130981445e-01
9.970333576202392578e-01
9.971666932106018066e-01
9.970499873161315918e-01
9.971333146095275879e-01
9.971833229064941406e-01
9.971500039100646973e-01
9.970999956130981445e-01
9.971833229064941406e-01
9.971833229064941406e-01
9.973333477973937988e-01
9.973166584968566895e-01
9.972500205039978027e-01
9.973499774932861328e-01
9.971166849136352539e-01
9.974666833877563477e-01
9.972333312034606934e-01
9.974666833877563477e-01
