9.191833138465881348e-01
9.452000260353088379e-01
9.574333429336547852e-01
9.635499715805053711e-01
9.676166772842407227e-01
9.699166417121887207e-01
9.726666808128356934e-01
9.744666814804077148e-01
9.758166670799255371e-01
9.775500297546386719e-01
9.775833487510681152e-01
9.792000055313110352e-01
9.801999926567077637e-01
9.811333417892456055e-01
9.815000295639038086e-01
9.821666479110717773e-01
9.826833605766296387e-01
9.833499789237976074e-01
9.838333129882812500e-01
9.840499758720397949e-01
9.845333099365234375e-01
9.853000044822692871e-01
9.850000143051147461e-01
9.861999750137329102e-01
9.860666394233703613e-01
9.868000149726867676e-01
9.868500232696533203e-01
9.871166944503784180e-01
9.873833060264587402e-01
9.868666529655456543e-01
9.876833558082580566e-01
9.880499839782714844e-01
9.880666732788085938e-01
9.875666499137878418e-01
9.887166619300842285e-01
9.887166619300842285e-01
9.886500239372253418e-01
9.888166785240173340e-01
9.892833232879638672e-01
9.895666837692260742e-01
9.890166521072387695e-01
9.896000027656555176e-01
9.893500208854675293e-01
9.898499846458435059e-01
9.899500012397766113e-01
9.902833104133605957e-01
9.904166460037231445e-01
9.904833436012268066e-01
9.907666444778442383e-01
9.907333254814147949e-01
9.908333420753479004e-01
9.905833601951599121e-01
9.907666444778442383e-01
9.910833239555358887e-01
9.905999898910522461e-01
9.910500049591064453e-01
9.907166957855224609e-01
9.911999702453613281e-01
9.913166761398315430e-01
9.918500185012817383e-01
9.915833473205566406e-01
9.916166663169860840e-01
9.919999837875366211e-01
9.918666481971740723e-01
9.921666383743286133e-01
9.922333359718322754e-01
9.920499920845031738e-01
9.921833276748657227e-01
9.922833442687988281e-01
9.924833178520202637e-01
9.925333261489868164e-01
9.926666617393493652e-01
9.926000237464904785e-01
9.927333593368530273e-01
9.928666949272155762e-01
9.930166602134704590e-01
9.927999973297119141e-01
9.928333163261413574e-01
9.932166934013366699e-01
9.929666519165039062e-01
9.926999807357788086e-01
9.928833246231079102e-01
9.934833049774169922e-01
9.928666949272155762e-01
9.934999942779541016e-01
9.935833215713500977e-01
9.936666488647460938e-01
9.937166571617126465e-01
9.933666586875915527e-01
9.938499927520751953e-01
9.939833283424377441e-01
9.939500093460083008e-01
9.939500093460083008e-01
9.941166639328002930e-01
9.940500259399414062e-01
9.936500191688537598e-01
9.940999746322631836e-01
9.942166805267333984e-01
9.943166375160217285e-01
9.941333532333374023e-01
9.943833351135253906e-01
9.941999912261962891e-01
9.944833517074584961e-01
9.946666955947875977e-01
9.944833517074584961e-01
9.946166872978210449e-01
9.946666955947875977e-01
9.944666624069213867e-01
9.944333434104919434e-01
9.943166375160217285e-01
9.943666458129882812e-01
9.948833584785461426e-01
9.949333071708679199e-01
9.949666857719421387e-01
9.950333237648010254e-01
9.950166940689086914e-01
9.951999783515930176e-01
9.952499866485595703e-01
9.951999783515930176e-01
9.953333139419555664e-01
9.952666759490966797e-01
9.952833056449890137e-01
9.953333139419555664e-01
9.949666857719421387e-01
9.953333139419555664e-01
9.955499768257141113e-01
9.951500296592712402e-01
9.955000281333923340e-01
9.954833388328552246e-01
9.956166744232177734e-01
9.958166480064392090e-01
9.957500100135803223e-01
9.956666827201843262e-01
9.957833290100097656e-01
9.956333041191101074e-01
9.957500100135803223e-01
9.957666397094726562e-01
9.956333041191101074e-01
9.959499835968017578e-01
9.958999752998352051e-01
9.960333108901977539e-01
9.960333108901977539e-01
9.959666728973388672e-01
9.959166646003723145e-01
9.959333539009094238e-01
9.958333373069763184e-01
9.958166480064392090e-01
9.962999820709228516e-01
9.962166547775268555e-01
9.962499737739562988e-01
9.963999986648559570e-01
9.963333606719970703e-01
9.960333108901977539e-01
9.963166713714599609e-01
9.960833191871643066e-01
9.964666962623596191e-01
9.964333176612854004e-01
9.964500069618225098e-01
9.965833425521850586e-01
9.964166879653930664e-01
9.964500069618225098e-01
9.963999986648559570e-01
9.960666894912719727e-01
9.966666698455810547e-01
9.965666532516479492e-01
9.966833591461181641e-01
9.965999722480773926e-01
9.967166781425476074e-01
9.967833161354064941e-01
9.968166947364807129e-01
9.968166947364807129e-01
9.970999956130981445e-01
9.968333244323730469e-01
9.970166683197021484e-01
9.968833327293395996e-01
9.969333410263061523e-01
9.969999790191650391e-01
9.969333410263061523e-01
9.970999956130981445e-01
9.967833161354064941e-01
9.971333146095275879e-01
9.969333410263061523e-01
9.969833493232727051e-01
9.970999956130981445e-01
9.971166849136352539e-01
9.973166584968566895e-01
9.972166419029235840e-01
9.972333312034606934e-01
9.971833229064941406e-01
9.972666501998901367e-01
9.972166419029235840e-01
9.973166584968566895e-01
9.970999956130981445e-01
9.975000023841857910e-01
9.973833560943603516e-01
9.974499940872192383e-01
9.973666667938232422e-01
9.973499774932861328e-01
9.974833130836486816e-01
9.973999857902526855e-01
