9.204499721527099609e-01
9.424833059310913086e-01
9.547833204269409180e-01
9.617833495140075684e-01
9.659666419029235840e-01
9.694166779518127441e-01
9.714833498001098633e-01
9.736166596412658691e-01
9.750000238418579102e-01
9.763833284378051758e-01
9.774333238601684570e-01
9.779666662216186523e-01
9.789166450500488281e-01
9.798499941825866699e-01
9.808666706085205078e-01
9.812333583831787109e-01
9.818333387374877930e-01
9.821666479110717773e-01
9.829000234603881836e-01
9.832333326339721680e-01
9.836166501045227051e-01
9.843166470527648926e-01
9.844499826431274414e-01
9.848666787147521973e-01
9.852166771888732910e-01
9.855999946594238281e-01
9.858499765396118164e-01
9.860500097274780273e-01
9.862999916076660156e-01
9.868666529655456543e-01
9.871666431427001953e-01
9.873333573341369629e-01
9.874666929244995117e-01
9.877333045005798340e-01
9.878000020980834961e-01
9.876499772071838379e-01
9.882666468620300293e-01
9.885166883468627930e-01
9.889333248138427734e-01
9.891166687011718750e-01
9.891833066940307617e-01
9.890999794006347656e-01
9.894333481788635254e-01
9.897999763488769531e-01
9.897999763488769531e-01
9.898333549499511719e-01
9.899166822433471680e-01
9.901999831199645996e-01
9.903833270072937012e-01
9.904666543006896973e-01
9.903666377067565918e-01
9.906833171844482422e-01
9.905166625976562500e-01
9.908833503723144531e-01
9.910166859626770020e-01
9.911999702453613281e-01
9.910333156585693359e-01
9.911999702453613281e-01
9.914500117301940918e-01
9.913666844367980957e-01
9.912499785423278809e-01
9.916333556175231934e-01
9.915166497230529785e-01
9.913166761398315430e-01
9.915000200271606445e-01
9.918833374977111816e-01
9.918833374977111816e-01
9.921500086784362793e-01
9.920833110809326172e-01
9.921500086784362793e-01
9.925166964530944824e-01
9.925000071525573730e-01
9.923999905586242676e-01
9.922666549682617188e-01
9.927833080291748047e-01
9.926666617393493652e-01
9.925666451454162598e-01
9.929333329200744629e-01
9.927333593368530273e-01
9.929833412170410156e-01
9.929500222206115723e-01
9.931499958038330078e-01
9.929166436195373535e-01
9.933333396911621094e-01
9.931499958038330078e-01
9.932166934013366699e-01
9.930666685104370117e-01
9.932166934013366699e-01
9.934166669845581055e-01
9.933500289916992188e-01
9.935500025749206543e-01
9.936500191688537598e-01
9.938499927520751953e-01
9.936333298683166504e-01
9.936500191688537598e-01
9.936500191688537598e-01
9.937833547592163086e-01
9.936333298683166504e-01
9.938666820526123047e-01
9.939333200454711914e-01
9.939833283424377441e-01
9.939000010490417480e-01
9.940666556358337402e-01
9.942166805267333984e-01
9.943333268165588379e-01
9.942499995231628418e-01
9.943333268165588379e-01
9.943666458129882812e-01
9.939333200454711914e-01
9.944833517074584961e-01
9.945333600044250488e-01
9.943000078201293945e-01
9.942833185195922852e-01
9.944499731063842773e-01
9.944666624069213867e-01
9.945333600044250488e-01
9.944000244140625000e-01
9.946166872978210449e-01
9.946166872978210449e-01
9.947666525840759277e-01
9.948666691780090332e-01
9.947166442871093750e-01
9.948999881744384766e-01
9.947000145912170410e-01
9.948666691780090332e-01
9.948666691780090332e-01
9.949333071708679199e-01
9.948999881744384766e-01
9.951166510581970215e-01
9.949166774749755859e-01
9.951000213623046875e-01
9.950666427612304688e-01
9.951666593551635742e-01
9.952166676521301270e-01
9.952833056449890137e-01
9.951333403587341309e-01
9.951666593551635742e-01
9.952833056449890137e-01
9.952999949455261230e-01
9.952333569526672363e-01
9.953833222389221191e-01
9.950500130653381348e-01
9.956166744232177734e-01
9.954500198364257812e-01
9.954833388328552246e-01
9.954500198364257812e-01
9.955999851226806641e-01
9.956499934196472168e-01
9.955833554267883301e-01
9.957500100135803223e-01
9.955999851226806641e-01
9.957333207130432129e-01
9.955166578292846680e-01
9.958500266075134277e-01
9.958333373069763184e-01
9.959166646003723145e-01
9.959166646003723145e-01
9.959166646003723145e-01
9.958999752998352051e-01
9.959333539009094238e-01
9.959999918937683105e-01
9.960166811943054199e-01
9.960500001907348633e-01
9.959666728973388672e-01
9.958833456039428711e-01
9.960833191871643066e-01
9.962000250816345215e-01
9.962000250816345215e-01
9.961166381835937500e-01
9.959999918937683105e-01
9.962499737739562988e-01
9.963666796684265137e-01
9.963166713714599609e-01
9.963999986648559570e-01
9.962999820709228516e-01
9.963999986648559570e-01
9.964166879653930664e-01
9.962666630744934082e-01
9.962000250816345215e-01
9.962333440780639648e-01
9.962499737739562988e-01
9.964666962623596191e-01
9.964666962623596191e-01
9.966833591461181641e-01
9.963666796684265137e-01
9.965833425521850586e-01
9.966333508491516113e-01
9.967499971389770508e-01
9.967166781425476074e-01
9.967166781425476074e-01
9.968166947364807129e-01
9.967333078384399414e-01
9.967666864395141602e-01
9.967166781425476074e-01
9.967166781425476074e-01
9.969000220298767090e-01
9.969166517257690430e-01
9.969166517257690430e-01
9.969499707221984863e-01
9.968500137329101562e-01
