9.149833321571350098e-01
9.430166482925415039e-01
9.553333520889282227e-01
9.625499844551086426e-01
9.670333266258239746e-01
9.704166650772094727e-01
9.732499718666076660e-01
9.747166633605957031e-01
9.768166542053222656e-01
9.780666828155517578e-01
9.789999723434448242e-01
9.797333478927612305e-01
9.808166623115539551e-01
9.818333387374877930e-01
9.822333455085754395e-01
9.827166795730590820e-01
9.830333590507507324e-01
9.835666418075561523e-01
9.841166734695434570e-01
9.845333099365234375e-01
9.851333498954772949e-01
9.852833151817321777e-01
9.858333468437194824e-01
9.859499931335449219e-01
9.862999916076660156e-01
9.866166710853576660e-01
9.871000051498413086e-01
9.870833158493041992e-01
9.872499704360961914e-01
9.876333475112915039e-01
9.879166483879089355e-01
9.883499741554260254e-01
9.884833097457885742e-01
9.887333512306213379e-01
9.887166619300842285e-01
9.891833066940307617e-01
9.892500042915344238e-01
9.894333481788635254e-01
9.893833398818969727e-01
9.896000027656555176e-01
9.898499846458435059e-01
9.901000261306762695e-01
9.902499914169311523e-01
9.898499846458435059e-01
9.905499815940856934e-01
9.902666807174682617e-01
9.907833337783813477e-01
9.909499883651733398e-01
9.904166460037231445e-01
9.909666776657104492e-01
9.911833405494689941e-01
9.914166927337646484e-01
9.914833307266235352e-01
9.913833141326904297e-01
9.914666414260864258e-01
9.917666912078857422e-01
9.916166663169860840e-01
9.920666813850402832e-01
9.920166730880737305e-01
9.925833344459533691e-01
9.921000003814697266e-01
9.922500252723693848e-01
9.922333359718322754e-01
9.924833178520202637e-01
9.923499822616577148e-01
9.925000071525573730e-01
9.924833178520202637e-01
9.928333163261413574e-01
9.929999709129333496e-01
9.928833246231079102e-01
9.931666851043701172e-01
9.931333065032958984e-01
9.932166934013366699e-01
9.931833148002624512e-01
9.931499958038330078e-01
9.933333396911621094e-01
9.934999942779541016e-01
9.932333230972290039e-01
9.936666488647460938e-01
9.935333132743835449e-01
9.934999942779541016e-01
9.937499761581420898e-01
9.937666654586791992e-01
9.940500259399414062e-01
9.939833283424377441e-01
9.939833283424377441e-01
9.940000176429748535e-01
9.938666820526123047e-01
9.941666722297668457e-01
9.944000244140625000e-01
9.940166473388671875e-01
9.941666722297668457e-01
9.943333268165588379e-01
9.945666790008544922e-01
9.945833086967468262e-01
9.943833351135253906e-01
9.944166541099548340e-01
9.947000145912170410e-01
9.946833252906799316e-01
9.950166940689086914e-01
9.948833584785461426e-01
9.948499798774719238e-01
9.945499897003173828e-01
9.947666525840759277e-01
9.950000047683715820e-01
9.948999881744384766e-01
9.951999783515930176e-01
9.948499798774719238e-01
9.951000213623046875e-01
9.952833056449890137e-01
9.951999783515930176e-01
9.952666759490966797e-01
9.952666759490966797e-01
9.951833486557006836e-01
9.951999783515930176e-01
9.955166578292846680e-01
9.953500032424926758e-01
9.953333139419555664e-01
9.956166744232177734e-01
9.955166578292846680e-01
9.955666661262512207e-01
9.956333041191101074e-01
9.957500100135803223e-01
9.956666827201843262e-01
9.956499934196472168e-01
9.957500100135803223e-01
9.957000017166137695e-01
9.958666563034057617e-01
9.959499835968017578e-01
9.958000183105468750e-01
9.956833124160766602e-01
9.955999851226806641e-01
9.961000084877014160e-01
9.961166381835937500e-01
9.958333373069763184e-01
9.958000183105468750e-01
9.960500001907348633e-01
9.962000250816345215e-01
9.960500001907348633e-01
9.962999820709228516e-01
9.962666630744934082e-01
9.962499737739562988e-01
9.964666962623596191e-01
9.963333606719970703e-01
9.961666464805603027e-01
9.963666796684265137e-01
9.963999986648559570e-01
9.964333176612854004e-01
9.965833425521850586e-01
9.966166615486145020e-01
9.966333508491516113e-01
9.965999722480773926e-01
9.965999722480773926e-01
9.965666532516479492e-01
9.967333078384399414e-01
9.963333606719970703e-01
9.966166615486145020e-01
9.968666434288024902e-01
9.968833327293395996e-01
9.969833493232727051e-01
9.969499707221984863e-01
9.969666600227355957e-01
9.968666434288024902e-01
9.969166517257690430e-01
9.968833327293395996e-01
9.971166849136352539e-01
9.968166947364807129e-01
9.970666766166687012e-01
9.964833259582519531e-01
9.969499707221984863e-01
9.970499873161315918e-01
9.970999956130981445e-01
9.971166849136352539e-01
9.972000122070312500e-01
9.973833560943603516e-01
9.972333312034606934e-01
9.973499774932861328e-01
9.973000288009643555e-01
9.974166750907897949e-01
9.973833560943603516e-01
9.972000122070312500e-01
9.974666833877563477e-01
9.973833560943603516e-01
9.974333047866821289e-01
9.975166916847229004e-01
9.976000189781188965e-01
9.974499940872192383e-01
9.974833130836486816e-01
9.976500272750854492e-01
9.975000023841857910e-01
9.974833130836486816e-01
9.977666735649108887e-01
9.973499774932861328e-01
9.976333379745483398e-01
9.975833296775817871e-01
9.977666735649108887e-01
9.977833628654479980e-01
9.977333545684814453e-01
9.978333115577697754e-01
9.979000091552734375e-01
