9.173833131790161133e-01
9.452166557312011719e-01
9.566333293914794922e-01
9.641000032424926758e-01
9.680500030517578125e-01
9.710000157356262207e-01
9.733833074569702148e-01
9.752833247184753418e-01
9.772166609764099121e-01
9.779499769210815430e-01
9.788166880607604980e-01
9.790833592414855957e-01
9.809833168983459473e-01
9.814833402633666992e-01
9.822666645050048828e-01
9.823333621025085449e-01
9.831500053405761719e-01
9.839000105857849121e-01
9.836500287055969238e-01
9.843833446502685547e-01
9.848333597183227539e-01
9.851666688919067383e-01
9.854833483695983887e-01
9.858499765396118164e-01
9.859333038330078125e-01
9.863666892051696777e-01
9.864666461944580078e-01
9.866499900817871094e-01
9.872666597366333008e-01
9.874166846275329590e-01
9.875000119209289551e-01
9.877499938011169434e-01
9.876999855041503906e-01
9.880499839782714844e-01
9.883999824523925781e-01
9.886000156402587891e-01
9.887833595275878906e-01
9.890166521072387695e-01
9.888499975204467773e-01
9.891833066940307617e-01
9.890999794006347656e-01
9.888833165168762207e-01
9.899166822433471680e-01
9.897333383560180664e-01
9.902833104133605957e-01
9.898666739463806152e-01
9.898833036422729492e-01
9.893333315849304199e-01
9.905499815940856934e-01
9.902499914169311523e-01
9.899833202362060547e-01
9.908499717712402344e-01
9.908166527748107910e-01
9.907166957855224609e-01
9.911999702453613281e-01
9.909833073616027832e-01
9.914666414260864258e-01
9.913666844367980957e-01
9.914333224296569824e-01
9.916833043098449707e-01
9.918333292007446289e-01
9.918500185012817383e-01
9.920666813850402832e-01
9.919000267982482910e-01
9.920666813850402832e-01
9.922166466712951660e-01
9.922166466712951660e-01
9.923833608627319336e-01
9.923166632652282715e-01
9.922999739646911621e-01
9.923833608627319336e-01
9.927166700363159180e-01
9.928833246231079102e-01
9.929333329200744629e-01
9.925500154495239258e-01
9.931499958038330078e-01
9.929500222206115723e-01
9.930833578109741211e-01
9.930999875068664551e-01
9.929500222206115723e-01
9.932833313941955566e-01
9.935666918754577637e-01
9.935333132743835449e-01
9.932833313941955566e-01
9.933999776840209961e-01
9.935333132743835449e-01
9.936500191688537598e-01
9.938833117485046387e-01
9.935666918754577637e-01
9.939333200454711914e-01
9.938166737556457520e-01
9.939666390419006348e-01
9.939500093460083008e-01
9.940333366394042969e-01
9.940999746322631836e-01
9.940500259399414062e-01
9.941499829292297363e-01
9.943333268165588379e-01
9.943000078201293945e-01
9.941499829292297363e-01
9.943333268165588379e-01
9.941999912261962891e-01
9.943666458129882812e-01
9.945499897003173828e-01
9.945333600044250488e-01
9.944833517074584961e-01
9.945666790008544922e-01
9.944999814033508301e-01
9.947500228881835938e-01
9.946333169937133789e-01
9.948499798774719238e-01
9.945333600044250488e-01
9.948499798774719238e-01
9.948833584785461426e-01
9.949166774749755859e-01
9.950333237648010254e-01
9.950000047683715820e-01
9.952166676521301270e-01
9.949333071708679199e-01
9.951000213623046875e-01
9.952666759490966797e-01
9.951999783515930176e-01
9.951500296592712402e-01
9.951999783515930176e-01
9.953833222389221191e-01
9.953666925430297852e-01
9.952333569526672363e-01
9.953166842460632324e-01
9.952833056449890137e-01
9.954333305358886719e-01
9.948166608810424805e-01
9.955833554267883301e-01
9.954833388328552246e-01
9.956166744232177734e-01
9.955999851226806641e-01
9.955999851226806641e-01
9.958333373069763184e-01
9.956166744232177734e-01
9.955833554267883301e-01
9.956333041191101074e-01
9.958500266075134277e-01
9.958666563034057617e-01
9.957833290100097656e-01
9.959833621978759766e-01
9.954166412353515625e-01
9.958166480064392090e-01
9.960833191871643066e-01
9.959999918937683105e-01
9.961000084877014160e-01
9.958166480064392090e-01
9.961333274841308594e-01
9.960666894912719727e-01
9.962000250816345215e-01
9.961500167846679688e-01
9.964666962623596191e-01
9.959833621978759766e-01
9.961500167846679688e-01
9.961666464805603027e-01
9.963499903678894043e-01
9.962000250816345215e-01
9.965000152587890625e-01
9.963333606719970703e-01
9.955999851226806641e-01
9.966166615486145020e-01
9.964833259582519531e-01
9.965500235557556152e-01
9.966666698455810547e-01
9.967499971389770508e-01
9.964833259582519531e-01
9.963999986648559570e-01
9.966999888420104980e-01
9.966999888420104980e-01
9.963666796684265137e-01
9.967166781425476074e-01
9.968500137329101562e-01
9.966499805450439453e-01
9.967499971389770508e-01
9.970999956130981445e-01
9.969166517257690430e-01
9.969166517257690430e-01
9.970499873161315918e-01
9.970833063125610352e-01
9.968000054359436035e-01
9.970999956130981445e-01
9.970999956130981445e-01
9.973833560943603516e-01
9.971666932106018066e-01
9.972166419029235840e-01
9.972000122070312500e-01
9.971333146095275879e-01
9.970833063125610352e-01
9.970833063125610352e-01
9.973166584968566895e-01
9.973000288009643555e-01
9.973333477973937988e-01
9.972833395004272461e-01
9.973999857902526855e-01
9.972666501998901367e-01
9.972500205039978027e-01
9.973666667938232422e-01
