0.54953333333333332
0.87033333333333329
0.89705000000000001
0.91343333333333332
0.92283333333333328
0.93061666666666665
0.93630000000000002
0.94108333333333338
0.94481666666666664
0.94835000000000003
0.95155000000000001
0.95403333333333329
0.95579999999999998
0.9583666666666667
0.96003333333333329
0.96160000000000001
0.96314999999999995
0.96455000000000002
0.96565000000000001
0.96645000000000003
0.9674666666666667
0.96796666666666664
0.96899999999999997
0.96976666666666667
0.97018333333333329
0.97068333333333334
0.97138333333333338
0.97196666666666665
0.97253333333333336
0.97293333333333332
0.97341666666666671
0.97384999999999999
0.97450000000000003
0.97473333333333334
0.97521666666666662
0.97566666666666668
0.97588333333333332
0.97619999999999996
0.97678333333333334
0.97701666666666664
0.97729999999999995
0.97760000000000002
0.97786666666666666
0.97823333333333329
0.9785166666666667
0.97889999999999999
0.97914999999999996
0.97924999999999995
0.97958333333333336
0.9798
0.97986666666666666
0.98029999999999995
0.98046666666666671
0.98058333333333336
0.98070000000000002
0.98058333333333336
0.98101666666666665
0.98129999999999995
0.98141666666666671
0.98170000000000002
0.98180000000000001
0.98198333333333332
0.98216666666666663
0.98236666666666672
0.98234999999999995
0.98263333333333336
0.98271666666666668
0.98286666666666667
0.98296666666666666
0.9831833333333333
0.98331666666666662
0.98343333333333338
0.98348333333333338
0.98363333333333336
0.98385
0.98385
0.98414999999999997
0.9841833333333333
0.98433333333333328
0.98441666666666672
0.98451666666666671
0.98463333333333336
0.98470000000000002
0.98501666666666665
0.9849
0.98499999999999999
0.98521666666666663
0.98488333333333333
0.98531666666666662
0.98526666666666662
0.98536666666666661
0.98540000000000005
0.98553333333333337
0.98563333333333336
0.98578333333333334
0.98583333333333334
0.9859
0.98591666666666666
0.98608333333333331
0.9862333333333333
0.98628333333333329
0.98626666666666662
0.98636666666666661
0.9865666666666667
0.98643333333333338
0.98650000000000004
0.98678333333333335
0.98675000000000002
0.9869
0.98686666666666667
0.98686666666666667
0.98685
0.98716666666666664
0.98711666666666664
0.98711666666666664
0.98719999999999997
0.98728333333333329
0.98728333333333329
0.98738333333333328
0.98740000000000006
0.98755000000000004
0.98755000000000004
0.9876166666666667
0.98768333333333336
0.9876166666666667
0.98775000000000002
0.98785000000000001
0.98788333333333334
0.98798333333333332
0.98801666666666665
0.98803333333333332
0.98821666666666663
0.9882333333333333
0.98821666666666663
0.98829999999999996
0.98836666666666662
0.98848333333333338
0.98843333333333339
0.98853333333333337
0.98853333333333337
0.98866666666666669
0.98863333333333336
0.98878333333333335
0.98878333333333335
0.98883333333333334
0.98893333333333333
0.98901666666666666
0.98914999999999997
0.9891833333333333
0.98916666666666664
0.9892333333333333
0.98931666666666662
0.98938333333333328
0.98945000000000005
0.98958333333333337
0.98955000000000004
0.98965000000000003
0.98956666666666671
0.98966666666666669
0.98975000000000002
0.98985000000000001
0.98981666666666668
0.98991666666666667
0.98981666666666668
0.98986666666666667
0.99003333333333332
0.98998333333333333
0.99003333333333332
0.99001666666666666
0.99013333333333331
0.99021666666666663
0.99019999999999997
0.99019999999999997
0.99028333333333329
0.99028333333333329
0.99024999999999996
0.99033333333333329
0.99026666666666663
0.99046666666666672
0.99045000000000005
0.99036666666666662
0.99048333333333338
0.99055000000000004
0.99071666666666669
0.99076666666666668
0.99076666666666668
0.99065000000000003
0.99080000000000001
0.99083333333333334
0.99083333333333334
0.99081666666666668
0.9909
0.99098333333333333
0.99103333333333332
0.99103333333333332
0.99106666666666665
0.99116666666666664
0.99113333333333331
0.99128333333333329
0.99121666666666663
