0.7487166666666667
0.81901666666666662
0.8377
0.90115000000000001
0.91821666666666668
0.92856666666666665
0.93463333333333332
0.94035000000000002
0.94425000000000003
0.94728333333333337
0.94984999999999997
0.95241666666666669
0.95441666666666669
0.95638333333333336
0.95838333333333336
0.95935000000000004
0.96089999999999998
0.96221666666666672
0.96328333333333338
0.96435000000000004
0.96516666666666662
0.96609999999999996
0.96679999999999999
0.96751666666666669
0.96858333333333335
0.96898333333333331
0.9700333333333333
0.97030000000000005
0.97084999999999999
0.97148333333333337
0.97194999999999998
0.97261666666666668
0.97288333333333332
0.97353333333333336
0.9740833333333333
0.97440000000000004
0.97476666666666667
0.97511666666666663
0.97555000000000003
0.97599999999999998
0.97640000000000005
0.97661666666666669
0.97706666666666664
0.97735000000000005
0.97760000000000002
0.97791666666666666
0.97806666666666664
0.97821666666666662
0.97858333333333336
0.97863333333333336
0.97899999999999998
0.97901666666666665
0.97936666666666672
0.97953333333333337
0.97940000000000005
0.97996666666666665
0.9801333333333333
0.98031666666666661
0.98050000000000004
0.9805166666666667
0.98075000000000001
0.98094999999999999
0.98099999999999998
0.98119999999999996
0.98146666666666671
0.98161666666666669
0.98163333333333336
0.98175000000000001
0.98201666666666665
0.98206666666666664
0.98224999999999996
0.98221666666666663
0.9825166666666667
0.98261666666666669
0.98280000000000001
0.98306666666666664
0.98308333333333331
0.98329999999999995
0.98331666666666662
0.98350000000000004
0.98351666666666671
0.98368333333333335
0.98365000000000002
0.98378333333333334
0.98398333333333332
0.98396666666666666
0.98409999999999997
0.98436666666666661
0.98431666666666662
0.98440000000000005
0.98460000000000003
0.98481666666666667
0.98485
0.98483333333333334
0.98498333333333332
0.98506666666666665
0.98521666666666663
0.98526666666666662
0.98528333333333329
0.98543333333333338
0.98536666666666661
0.98553333333333337
0.98570000000000002
0.98571666666666669
0.98585
0.98578333333333334
0.98594999999999999
0.98598333333333332
0.98613333333333331
0.9861833333333333
0.98629999999999995
0.98628333333333329
0.98626666666666662
0.98640000000000005
0.98646666666666671
0.98660000000000003
0.98666666666666669
0.98668333333333336
0.98671666666666669
0.98671666666666669
0.98701666666666665
0.98701666666666665
0.98699999999999999
0.98703333333333332
0.98716666666666664
0.98731666666666662
0.98726666666666663
0.98741666666666672
0.98734999999999995
0.98738333333333328
0.98743333333333339
0.98763333333333336
0.98770000000000002
0.9875666666666667
0.98771666666666669
0.98776666666666668
0.98775000000000002
0.98788333333333334
0.98796666666666666
0.98799999999999999
0.98804999999999998
0.98808333333333331
0.98806666666666665
0.98803333333333332
0.98834999999999995
0.98831666666666662
0.98829999999999996
0.98834999999999995
0.98833333333333329
0.98845000000000005
0.98860000000000003
0.98868333333333336
0.98868333333333336
0.98881666666666668
0.98886666666666667
0.98880000000000001
0.98863333333333336
0.98871666666666669
0.98891666666666667
0.98880000000000001
0.98888333333333334
0.98891666666666667
0.98903333333333332
0.98899999999999999
0.98908333333333331
0.98913333333333331
0.98916666666666664
0.98928333333333329
0.98919999999999997
0.98929999999999996
0.98934999999999995
0.98929999999999996
0.98939999999999995
0.98948333333333338
0.98946666666666672
0.98956666666666671
0.98950000000000005
0.98946666666666672
0.9896166666666667
0.98968333333333336
0.9896166666666667
0.98973333333333335
0.98983333333333334
0.98973333333333335
0.98985000000000001
0.98983333333333334
0.99001666666666666
0.98998333333333333
0.99001666666666666
0.99008333333333332
0.99013333333333331
0.99001666666666666
0.99011666666666664
0.9901833333333333
0.9902333333333333
0.99028333333333329
0.99038333333333328
0.9902333333333333
0.99048333333333338
0.99051666666666671
