0.69279999999999997
0.8283166666666667
0.90444999999999998
0.92100000000000004
0.92984999999999995
0.93726666666666669
0.9425
0.94658333333333333
0.94981666666666664
0.95313333333333339
0.95538333333333336
0.95768333333333333
0.95958333333333334
0.96104999999999996
0.96245000000000003
0.96360000000000001
0.96456666666666668
0.96551666666666669
0.9667
0.96753333333333336
0.96843333333333337
0.96940000000000004
0.97018333333333329
0.97075
0.97165000000000001
0.97219999999999995
0.97271666666666667
0.97341666666666671
0.9738
0.97433333333333338
0.97470000000000001
0.97519999999999996
0.97553333333333336
0.97566666666666668
0.97621666666666662
0.97671666666666668
0.97685
0.97719999999999996
0.97746666666666671
0.97776666666666667
0.97801666666666665
0.97816666666666663
0.97866666666666668
0.97886666666666666
0.97923333333333329
0.9795166666666667
0.9798
0.98009999999999997
0.98026666666666662
0.98038333333333338
0.98075000000000001
0.98086666666666666
0.9811833333333333
0.98140000000000005
0.98126666666666662
0.98136666666666672
0.98186666666666667
0.98188333333333333
0.98199999999999998
0.98219999999999996
0.98250000000000004
0.9825166666666667
0.98276666666666668
0.9831333333333333
0.98306666666666664
0.98348333333333338
0.98331666666666662
0.98361666666666669
0.98373333333333335
0.98368333333333335
0.98386666666666667
0.98399999999999999
0.98428333333333329
0.98436666666666661
0.98453333333333337
0.98450000000000004
0.98476666666666668
0.98478333333333334
0.98486666666666667
0.98494999999999999
0.98519999999999996
0.98533333333333328
0.98526666666666662
0.98541666666666672
0.98543333333333338
0.9856166666666667
0.98560000000000003
0.98580000000000001
0.98581666666666667
0.98596666666666666
0.98609999999999998
0.98621666666666663
0.98619999999999997
0.98638333333333328
0.98653333333333337
0.98653333333333337
0.98668333333333336
0.98681666666666668
0.98698333333333332
0.9869
0.98703333333333332
0.98701666666666665
0.98711666666666664
0.98709999999999998
0.98734999999999995
0.98734999999999995
0.9875666666666667
0.98751666666666671
0.98753333333333337
0.98748333333333338
0.98763333333333336
0.98780000000000001
0.98780000000000001
0.98785000000000001
0.98785000000000001
0.98794999999999999
0.98793333333333333
0.98799999999999999
0.98814999999999997
0.98813333333333331
0.98831666666666662
0.98826666666666663
0.98819999999999997
0.98841666666666672
0.98836666666666662
0.98851666666666671
0.98845000000000005
0.98843333333333339
0.98850000000000005
0.98850000000000005
0.98870000000000002
0.98885000000000001
0.98870000000000002
0.98888333333333334
0.98899999999999999
0.9889
0.98898333333333333
0.98909999999999998
0.98911666666666664
0.98906666666666665
0.98916666666666664
0.9891833333333333
0.98928333333333329
0.98934999999999995
0.98934999999999995
0.98926666666666663
0.98929999999999996
0.98934999999999995
0.98945000000000005
0.98953333333333338
0.98934999999999995
0.98968333333333336
0.98956666666666671
0.98968333333333336
0.98976666666666668
0.98983333333333334
0.98985000000000001
0.98988333333333334
0.98991666666666667
0.99001666666666666
0.98999999999999999
0.99006666666666665
0.99003333333333332
0.98998333333333333
0.99004999999999999
0.98996666666666666
0.99013333333333331
0.9902333333333333
0.99024999999999996
0.99028333333333329
0.99034999999999995
0.99036666666666662
0.99031666666666662
0.99028333333333329
0.99039999999999995
0.99043333333333339
0.99033333333333329
0.99045000000000005
0.99050000000000005
0.99051666666666671
0.9906666666666667
0.99051666666666671
0.99065000000000003
0.99070000000000003
0.99078333333333335
0.99075000000000002
0.99091666666666667
0.99080000000000001
0.99083333333333334
0.99095
0.99093333333333333
0.9909
0.99095
0.99085000000000001
0.99095
0.99113333333333331
0.99109999999999998
0.99109999999999998
0.99113333333333331
0.9912333333333333
