0.62238333333333329
0.86983333333333335
0.90151666666666663
0.91528333333333334
0.92531666666666668
0.9327833333333333
0.93810000000000004
0.94313333333333338
0.94633333333333336
0.94976666666666665
0.95236666666666669
0.9546
0.95689999999999997
0.95831666666666671
0.95983333333333332
0.96099999999999997
0.96188333333333331
0.96346666666666669
0.96428333333333338
0.96545000000000003
0.96584999999999999
0.96699999999999997
0.96768333333333334
0.96853333333333336
0.96950000000000003
0.97019999999999995
0.97081666666666666
0.9714666666666667
0.97175
0.97224999999999995
0.97253333333333336
0.97304999999999997
0.97353333333333336
0.97376666666666667
0.97419999999999995
0.97465000000000002
0.97509999999999997
0.97538333333333338
0.97570000000000001
0.97593333333333332
0.97636666666666672
0.97673333333333334
0.97689999999999999
0.97738333333333338
0.97731666666666661
0.97763333333333335
0.97809999999999997
0.97828333333333328
0.97873333333333334
0.97891666666666666
0.97889999999999999
0.97916666666666663
0.97943333333333338
0.97963333333333336
0.97985
0.98003333333333331
0.98011666666666664
0.98045000000000004
0.98046666666666671
0.98078333333333334
0.98106666666666664
0.98104999999999998
0.98103333333333331
0.98124999999999996
0.98150000000000004
0.98155000000000003
0.98183333333333334
0.98194999999999999
0.98201666666666665
0.98226666666666662
0.98243333333333338
0.9825666666666667
0.98261666666666669
0.98283333333333334
0.98288333333333333
0.98319999999999996
0.98301666666666665
0.98334999999999995
0.98338333333333339
0.9835666666666667
0.98351666666666671
0.98371666666666668
0.98388333333333333
0.98391666666666666
0.98393333333333333
0.98394999999999999
0.98408333333333331
0.98424999999999996
0.98426666666666662
0.98448333333333338
0.98455000000000004
0.9846166666666667
0.98450000000000004
0.98468333333333335
0.98496666666666666
0.98496666666666666
0.98491666666666666
0.98519999999999996
0.98533333333333328
0.98534999999999995
0.98526666666666662
0.9856166666666667
0.98555000000000004
0.98563333333333336
0.98588333333333333
0.98593333333333333
0.98596666666666666
0.98613333333333331
0.98604999999999998
0.98621666666666663
0.98628333333333329
0.98634999999999995
0.98629999999999995
0.98641666666666672
0.98650000000000004
0.9865666666666667
0.98651666666666671
0.98663333333333336
0.98666666666666669
0.98681666666666668
0.98683333333333334
0.9869
0.9869
0.98698333333333332
0.98709999999999998
0.98701666666666665
0.98728333333333329
0.98729999999999996
0.98724999999999996
0.98728333333333329
0.98745000000000005
0.9875666666666667
0.98743333333333339
0.98771666666666669
0.98771666666666669
0.98765000000000003
0.98788333333333334
0.98780000000000001
0.98773333333333335
0.98788333333333334
0.9879
0.98791666666666667
0.98816666666666664
0.98814999999999997
0.98821666666666663
0.9882333333333333
0.98829999999999996
0.98843333333333339
0.98845000000000005
0.98841666666666672
0.98851666666666671
0.98851666666666671
0.9886166666666667
0.98873333333333335
0.98880000000000001
0.98883333333333334
0.98896666666666666
0.98886666666666667
0.98904999999999998
0.98904999999999998
0.98903333333333332
0.98909999999999998
0.98921666666666663
0.98916666666666664
0.98933333333333329
0.98938333333333328
0.98931666666666662
0.98943333333333339
0.98941666666666672
0.98945000000000005
0.98956666666666671
0.98963333333333336
0.98956666666666671
0.98950000000000005
0.98970000000000002
0.98955000000000004
0.98970000000000002
0.98973333333333335
0.98980000000000001
0.98981666666666668
0.98970000000000002
0.98988333333333334
0.98980000000000001
0.98996666666666666
0.98999999999999999
0.98996666666666666
0.99001666666666666
0.99006666666666665
0.99008333333333332
0.99014999999999997
0.99026666666666663
0.99033333333333329
0.99021666666666663
0.9902333333333333
0.9902333333333333
0.99043333333333339
0.99038333333333328
0.99038333333333328
0.99036666666666662
0.99045000000000005
