0.68423333333333336
0.87946666666666662
0.90764999999999996
0.91991666666666672
0.92838333333333334
0.93411666666666671
0.9392166666666667
0.94328333333333336
0.9466
0.94916666666666671
0.95176666666666665
0.95365
0.95511666666666661
0.95686666666666664
0.95843333333333336
0.95971666666666666
0.96116666666666661
0.96204999999999996
0.96314999999999995
0.9639833333333333
0.96484999999999999
0.96565000000000001
0.96619999999999995
0.96693333333333331
0.9674166666666667
0.96838333333333337
0.96850000000000003
0.96906666666666663
0.96976666666666667
0.96989999999999998
0.97013333333333329
0.97084999999999999
0.97091666666666665
0.97138333333333338
0.97175
0.97218333333333329
0.97276666666666667
0.97301666666666664
0.97328333333333328
0.97376666666666667
0.97398333333333331
0.97421666666666662
0.97450000000000003
0.97484999999999999
0.97519999999999996
0.97540000000000004
0.97556666666666669
0.9758
0.97619999999999996
0.97638333333333338
0.97656666666666669
0.97698333333333331
0.97723333333333329
0.97746666666666671
0.97761666666666669
0.9780833333333333
0.97836666666666672
0.97865000000000002
0.97881666666666667
0.97911666666666664
0.97924999999999995
0.97945000000000004
0.97958333333333336
0.97993333333333332
0.98024999999999995
0.98024999999999995
0.98045000000000004
0.98068333333333335
0.98088333333333333
0.98093333333333332
0.98129999999999995
0.9815166666666667
0.98155000000000003
0.98160000000000003
0.98199999999999998
0.98193333333333332
0.98211666666666664
0.98219999999999996
0.98233333333333328
0.98240000000000005
0.98275000000000001
0.98281666666666667
0.98293333333333333
0.98308333333333331
0.98319999999999996
0.98321666666666663
0.98326666666666662
0.98348333333333338
0.98368333333333335
0.98381666666666667
0.98393333333333333
0.98403333333333332
0.98416666666666663
0.9841833333333333
0.98429999999999995
0.98440000000000005
0.9845666666666667
0.98450000000000004
0.98466666666666669
0.98470000000000002
0.98485
0.98508333333333331
0.98513333333333331
0.98521666666666663
0.98526666666666662
0.98524999999999996
0.98531666666666662
0.98543333333333338
0.98555000000000004
0.98546666666666671
0.9855666666666667
0.98565000000000003
0.98580000000000001
0.98591666666666666
0.98593333333333333
0.98596666666666666
0.98613333333333331
0.98628333333333329
0.98634999999999995
0.98626666666666662
0.98646666666666671
0.98648333333333338
0.98650000000000004
0.98653333333333337
0.9865666666666667
0.98673333333333335
0.98680000000000001
0.98686666666666667
0.9869
0.98696666666666666
0.98699999999999999
0.98711666666666664
0.98716666666666664
0.9872333333333333
0.98728333333333329
0.98721666666666663
0.98748333333333338
0.98738333333333328
0.98775000000000002
0.98788333333333334
0.98773333333333335
0.98783333333333334
0.98798333333333332
0.98783333333333334
0.98803333333333332
0.98796666666666666
0.98809999999999998
0.98816666666666664
0.98824999999999996
0.98828333333333329
0.98845000000000005
0.98838333333333328
0.98841666666666672
0.98834999999999995
0.98838333333333328
0.9885666666666667
0.9886166666666667
0.98870000000000002
0.98868333333333336
0.98885000000000001
0.98881666666666668
0.98881666666666668
0.98888333333333334
0.98891666666666667
0.98903333333333332
0.9889
0.98899999999999999
0.98899999999999999
0.98896666666666666
0.98908333333333331
0.98909999999999998
0.98931666666666662
0.98928333333333329
0.98926666666666663
0.98928333333333329
0.98934999999999995
0.98924999999999996
0.98939999999999995
0.98948333333333338
0.98950000000000005
0.98960000000000004
0.98956666666666671
0.98963333333333336
0.98955000000000004
0.98980000000000001
0.9896166666666667
0.98965000000000003
0.98970000000000002
0.98976666666666668
0.98986666666666667
0.98970000000000002
0.98995
0.98996666666666666
0.98980000000000001
0.98986666666666667
0.99001666666666666
0.98996666666666666
0.99003333333333332
0.99006666666666665
0.99008333333333332
