0.9135833382606506
0.9389166831970215
0.9510166645050049
0.9590166807174683
0.9632166624069214
0.9675499796867371
0.9701333045959473
0.9720666408538818
0.9735166430473328
0.9753833413124084
0.9764500260353088
0.977233350276947
0.9788500070571899
0.9790166616439819
0.9804999828338623
0.9811000227928162
0.9815333485603333
0.9821000099182129
0.9828166961669922
0.9836000204086304
0.9835833311080933
0.9839833378791809
0.9843000173568726
0.9838833212852478
0.9847999811172485
0.9852166771888733
0.9856666922569275
0.9859499931335449
0.9862333536148071
0.9865666627883911
0.9867666959762573
0.9867333173751831
0.9870666861534119
0.9870833158493042
0.9873833060264587
0.9872499704360962
0.9880499839782715
0.987933337688446
0.9878833293914795
0.9881666898727417
0.9882500171661377
0.9884999990463257
0.9884999990463257
0.9887666702270508
0.989133358001709
0.9886333346366882
0.9894833564758301
0.9892500042915344
0.9896000027656555
0.9897500276565552
0.9897500276565552
0.9899666905403137
0.9903833270072937
0.9902333617210388
0.9906666874885559
0.9903166890144348
0.9907000064849854
0.9908499717712402
0.9901833534240723
0.9910500049591064
0.9909833073616028
0.9909666776657104
0.9912166595458984
0.9912166595458984
0.991433322429657
0.9910333156585693
0.991683304309845
0.991349995136261
0.9915833473205566
0.9916499853134155
0.9919833540916443
0.9919999837875366
0.9922166466712952
0.9919666647911072
0.9921833276748657
0.9921833276748657
0.9924333095550537
0.9923666715621948
0.9922833442687988
0.9924833178520203
0.9924333095550537
0.9919000267982483
0.9925166964530945
0.9927833080291748
0.9926833510398865
0.9928833246231079
0.9929500222206116
0.9930999875068665
0.9930833578109741
0.9930833578109741
0.9933333396911621
0.9931666851043701
0.9931833148002625
0.9930833578109741
0.9932000041007996
0.9933666586875916
0.9929500222206116
0.9936000108718872
0.9936333298683167
0.9935500025749207
0.9937000274658203
0.993233323097229
0.9937833547592163
0.9937000274658203
0.9937999844551086
0.9934499859809875
0.9938333630561829
0.9940166473388672
0.9939833283424377
0.9939166903495789
0.9943833351135254
0.9937999844551086
0.9941166639328003
0.9940500259399414
0.9941999912261963
0.9943666458129883
0.9943666458129883
0.9944333434104919
0.9942499995231628
0.9943333268165588
0.9939666390419006
0.9946333169937134
0.9945166707038879
0.9947999715805054
0.9948166608810425
0.9941333532333374
0.9949333071708679
0.9947500228881836
0.994783341884613
0.9947666525840759
0.9943666458129883
0.9950833320617676
0.995033323764801
0.995033323764801
0.9947333335876465
0.9952499866485596
0.9950500130653381
0.995033323764801
0.9951833486557007
0.9954500198364258
0.9951833486557007
0.995199978351593
0.9950166940689087
0.9952166676521301
0.9952999949455261
0.9953333139419556
0.9956666827201843
0.9955166578292847
0.9954666495323181
0.9952999949455261
0.9956166744232178
0.9952666759490967
0.9954833388328552
0.9958333373069763
0.9955833554267883
0.9954000115394592
0.9956833124160767
0.9956833124160767
0.9956333041191101
0.9955999851226807
0.9957833290100098
0.9958000183105469
0.9952333569526672
0.9960833191871643
0.9958500266075134
0.9961166381835938
0.995983362197876
0.9958166480064392
0.9960333108901978
0.9961666464805603
0.9960500001907349
0.9962000250816345
0.9961000084877014
0.9961833357810974
0.99631667137146
0.9959499835968018
0.9962499737739563
0.9961333274841309
0.9962999820709229
0.996399998664856
0.996233344078064
0.9963666796684265
0.9961666464805603
0.996066689491272
0.9961333274841309
0.9967166781425476
0.9966333508491516
0.9965999722480774
0.9963499903678894
0.9965999722480774
0.9964333176612854
0.9966999888420105
0.996649980545044
0.9967833161354065
0.996666669845581
0.9969000220298767
0.9968666434288025
0.9967166781425476
0.9968833327293396
0.996566653251648