0.9201499819755554
0.9464166760444641
0.9572333097457886
0.9634666442871094
0.9670000076293945
0.9701833128929138
0.9725833535194397
0.9742333292961121
0.9756166934967041
0.9769166707992554
0.9781000018119812
0.9791333079338074
0.9796500205993652
0.980983316898346
0.9815499782562256
0.9822166562080383
0.9830499887466431
0.9834666848182678
0.9838333129882812
0.9841833114624023
0.9849333167076111
0.9856666922569275
0.9855499863624573
0.9860666394233704
0.985883355140686
0.9866333603858948
0.9871333241462708
0.9873499870300293
0.9874666929244995
0.987500011920929
0.9880333542823792
0.988349974155426
0.9885833263397217
0.9880666732788086
0.9889000058174133
0.9888833165168762
0.9893166422843933
0.989133358001709
0.989716649055481
0.989983320236206
0.9890999794006348
0.9901166558265686
0.9901333451271057
0.9903166890144348
0.9905666708946228
0.9905499815940857
0.9905833601951599
0.9906833171844482
0.9909166693687439
0.9909166693687439
0.9910666942596436
0.9910500049591064
0.9911999702453613
0.9913666844367981
0.9917333126068115
0.9916166663169861
0.9918500185012817
0.9915333390235901
0.9919666647911072
0.9921500086784363
0.9918166399002075
0.9919999837875366
0.9922166466712952
0.9919999837875366
0.9924499988555908
0.9921666383743286
0.9926000237464905
0.9927666783332825
0.9926666617393494
0.9926499724388123
0.9926999807357788
0.9928666949272156
0.9927999973297119
0.9929500222206116
0.9929999709129333
0.9930499792098999
0.9931166768074036
0.9930833578109741
0.9932833313941956
0.9933500289916992
0.9930833578109741
0.9935666918754578
0.9935333132743835
0.9935333132743835
0.9935666918754578
0.9935666918754578
0.9939000010490417
0.9937666654586792
0.9939333200454712
0.9936833381652832
0.9940000176429749
0.9940833449363708
0.9940500259399414
0.9941666722297668
0.9940500259399414
0.9943333268165588
0.994183361530304
0.9944333434104919
0.994350016117096
0.9944000244140625
0.9945166707038879
0.9945166707038879
0.9945166707038879
0.9944999814033508
0.9945166707038879
0.9948333501815796
0.9947333335876465
0.994700014591217
0.994866669178009
0.9949166774749756
0.9949166774749756
0.9948333501815796
0.9948166608810425
0.9948999881744385
0.9947333335876465
0.995116651058197
0.995199978351593
0.9952333569526672
0.9954000115394592
0.9949166774749756
0.9949833154678345
0.9954333305358887
0.9953666925430298
0.9954333305358887
0.995116651058197
0.9955499768257141
0.9955499768257141
0.9958166480064392
0.9955833554267883
0.9955166578292847
0.9955999851226807
0.9955666661262512
0.9955499768257141
0.9957000017166138
0.9956666827201843
0.9959666728973389
0.9957500100135803
0.9958000183105469
0.9959333539009094
0.9959666728973389
0.995983362197876
0.9958999752998352
0.9963333606719971
0.9961833357810974
0.9960166811943054
0.9961666464805603
0.996233344078064
0.9963666796684265
0.9959999918937683
0.9963333606719971
0.9962833523750305
0.9962833523750305
0.9962999820709229
0.996233344078064
0.9962666630744934
0.9965333342552185
0.9965833425521851
0.9965166449546814
0.9968500137329102
0.9966166615486145
0.9965500235557556
0.9963833093643188
0.996749997138977
0.9965000152587891
0.9965999722480774
0.9965999722480774
0.9966833591461182
0.9968166947364807
0.9966999888420105
0.9967666864395142
0.9970499873161316
0.9967666864395142
0.9967666864395142
0.9968500137329102
0.9969833493232727
0.9968500137329102
0.9970999956130981
0.9969333410263062
0.9970999956130981
0.996999979019165
0.9970499873161316
0.9970666766166687
0.9971500039100647
0.9972500205039978
0.9970333576202393
0.9974166750907898
0.9973999857902527
0.9972833395004272
0.9973499774932861
0.9973000288009644
0.9975166916847229
0.9974499940872192
0.9974666833877563
0.9973333477973938
0.9975833296775818
0.9973999857902527
0.9975166916847229
0.9976666569709778
0.9976166486740112
0.9972500205039978