0.9211666584014893
0.9464333057403564
0.9569833278656006
0.9634000062942505
0.9671833515167236
0.9701666831970215
0.9728500247001648
0.9745166897773743
0.9756166934967041
0.9773333072662354
0.9781833291053772
0.9793166518211365
0.9801333546638489
0.9811000227928162
0.9815499782562256
0.9820666909217834
0.9827666878700256
0.9831833243370056
0.9836999773979187
0.9839666485786438
0.9842666387557983
0.9852166771888733
0.9853666424751282
0.9855333566665649
0.9860333204269409
0.9865000247955322
0.9863166809082031
0.9865666627883911
0.9870166778564453
0.9868666529655457
0.9874333143234253
0.9878166913986206
0.9879833459854126
0.988183319568634
0.988016664981842
0.9880666732788086
0.9887999892234802
0.9887833595275879
0.9886666536331177
0.9889166951179504
0.9890000224113464
0.9894999861717224
0.9894499778747559
0.989549994468689
0.9897666573524475
0.9898999929428101
0.990149974822998
0.9901333451271057
0.9902999997138977
0.9906499981880188
0.9908666610717773
0.9907333254814148
0.9908499717712402
0.9907833337783813
0.9912999868392944
0.991183340549469
0.9911500215530396
0.9913333058357239
0.9912333488464355
0.9918166399002075
0.9917666912078857
0.9919833540916443
0.9917333126068115
0.9919666647911072
0.9918333292007446
0.9919666647911072
0.9922000169754028
0.9919999837875366
0.9920666813850403
0.9924166798591614
0.9925000071525574
0.9926333427429199
0.9923666715621948
0.9926333427429199
0.9924499988555908
0.9926166534423828
0.9926333427429199
0.9927666783332825
0.9930333495140076
0.9928500056266785
0.9932166934013367
0.9931166768074036
0.9933833479881287
0.9933833479881287
0.9934166669845581
0.9936333298683167
0.9933833479881287
0.9935166835784912
0.9936666488647461
0.9938166737556458
0.9937000274658203
0.9937833547592163
0.9937333464622498
0.9938666820526123
0.9939500093460083
0.9940333366394043
0.9939500093460083
0.9943000078201294
0.9943833351135254
0.9943000078201294
0.9942666888237
0.9942833185195923
0.9944333434104919
0.9943833351135254
0.9945833086967468
0.9944166541099548
0.9944666624069214
0.994616687297821
0.9948833584785461
0.9944166541099548
0.994949996471405
0.9949833154678345
0.9949333071708679
0.9948333501815796
0.9949666857719421
0.9952166676521301
0.9951000213623047
0.9951000213623047
0.9951333403587341
0.9952333569526672
0.9953500032424927
0.995199978351593
0.9953166842460632
0.9951666593551636
0.9954333305358887
0.995033323764801
0.9956333041191101
0.9955166578292847
0.9954833388328552
0.9955333471298218
0.9955499768257141
0.9955000281333923
0.9957666397094727
0.9957333207130432
0.9957000017166138
0.9957000017166138
0.9960166811943054
0.9960166811943054
0.9960166811943054
0.9959999918937683
0.9957833290100098
0.9960500001907349
0.996066689491272
0.996150016784668
0.996150016784668
0.9962000250816345
0.9962166547775269
0.9961666464805603
0.9962166547775269
0.9962833523750305
0.9964166879653931
0.9964333176612854
0.9965333342552185
0.9965333342552185
0.996399998664856
0.9963333606719971
0.9966333508491516
0.9966166615486145
0.996649980545044
0.9965166449546814
0.9967166781425476
0.9966833591461182
0.9968166947364807
0.9968166947364807
0.9965500235557556
0.9966833591461182
0.9967333078384399
0.9965833425521851
0.9968000054359436
0.996916651725769
0.996833324432373
0.9970666766166687
0.9968666434288025
0.9969000220298767
0.9970666766166687
0.9969833493232727
0.9970166683197021
0.9971333146095276
0.9969499707221985
0.9971833229064941
0.9971166849136353
0.9973166584968567
0.9971333146095276
0.9971166849136353
0.9973166584968567
0.9970499873161316
0.9972666501998901
0.997083306312561
0.9975166916847229
0.9972833395004272
0.9973833560943604
0.9971666932106018
0.9972666501998901
0.9970499873161316
0.9972833395004272
0.9971833229064941
0.9973833560943604
0.9975833296775818
0.9976000189781189
0.9973833560943604