0.9160333275794983
0.9437333345413208
0.9539166688919067
0.9610333442687988
0.9659000039100647
0.9691666960716248
0.9718666672706604
0.9738166928291321
0.975600004196167
0.9767500162124634
0.9782166481018066
0.9788833260536194
0.9797499775886536
0.9811999797821045
0.9815166592597961
0.982283353805542
0.9829166531562805
0.9833333492279053
0.9837333559989929
0.9839666485786438
0.98458331823349
0.9850500226020813
0.9847999811172485
0.9854666590690613
0.9860833287239075
0.9860666394233704
0.9862833619117737
0.9866833090782166
0.9870166778564453
0.9871000051498413
0.9873499870300293
0.9873833060264587
0.9879166483879089
0.9881166815757751
0.9880499839782715
0.9883999824523926
0.9885500073432922
0.9883666634559631
0.989216685295105
0.9889000058174133
0.9893333315849304
0.9893333315849304
0.9887499809265137
0.9896000027656555
0.9890833497047424
0.9897833466529846
0.9899666905403137
0.9903500080108643
0.9904833436012268
0.9905666708946228
0.9907500147819519
0.9905333518981934
0.9906333088874817
0.9904999732971191
0.9904833436012268
0.9911666512489319
0.9911666512489319
0.9911500215530396
0.9914833307266235
0.991683304309845
0.9916166663169861
0.9916333556175232
0.9915500283241272
0.9919333457946777
0.9911333322525024
0.9921833276748657
0.9921166896820068
0.9922166466712952
0.9918000102043152
0.9921666383743286
0.9922999739646912
0.9924499988555908
0.9925666451454163
0.9926000237464905
0.9922333359718323
0.9926666617393494
0.9926166534423828
0.9927999973297119
0.9927166700363159
0.9926000237464905
0.9930833578109741
0.9928500056266785
0.9931833148002625
0.9933833479881287
0.993483304977417
0.993483304977417
0.9933833479881287
0.9933333396911621
0.9935333132743835
0.9934999942779541
0.9936666488647461
0.9937999844551086
0.9934666752815247
0.9937666654586792
0.9937833547592163
0.9937499761581421
0.9936833381652832
0.994183361530304
0.9941333532333374
0.9942499995231628
0.9939833283424377
0.9939166903495789
0.9937833547592163
0.9941666722297668
0.9938833117485046
0.9945999979972839
0.9942833185195923
0.9943833351135254
0.9943666458129883
0.9944333434104919
0.9946833252906799
0.9948333501815796
0.9948999881744385
0.9946833252906799
0.994866669178009
0.9948166608810425
0.9948999881744385
0.9948833584785461
0.995116651058197
0.9951500296592712
0.9950833320617676
0.9948999881744385
0.9951666593551636
0.9952499866485596
0.9951000213623047
0.9949833154678345
0.9953500032424927
0.9951833486557007
0.9952499866485596
0.995199978351593
0.9951833486557007
0.9952333569526672
0.994866669178009
0.9954000115394592
0.9954000115394592
0.9955333471298218
0.9954166412353516
0.9955833554267883
0.9957500100135803
0.9956666827201843
0.9959666728973389
0.9958333373069763
0.9956666827201843
0.9958333373069763
0.9957833290100098
0.9959166646003723
0.9958333373069763
0.9959333539009094
0.9957000017166138
0.996066689491272
0.996233344078064
0.9959666728973389
0.9962499737739563
0.9961833357810974
0.9961666464805603
0.996233344078064
0.9961833357810974
0.9963499903678894
0.9962999820709229
0.9962833523750305
0.9964166879653931
0.9961666464805603
0.9965166449546814
0.9964500069618225
0.9965500235557556
0.9963666796684265
0.9964333176612854
0.9965333342552185
0.9966166615486145
0.9965333342552185
0.9966166615486145
0.9966166615486145
0.996649980545044
0.996749997138977
0.996649980545044
0.9968166947364807
0.9967833161354065
0.996833324432373
0.9968166947364807
0.9970666766166687
0.9970666766166687
0.996999979019165
0.997083306312561
0.9970333576202393
0.9970666766166687
0.9970666766166687
0.9971166849136353
0.997083306312561
0.9971833229064941
0.9970499873161316
0.9969499707221985
0.9971333146095276
0.9973666667938232
0.9973166584968567
0.9972500205039978
0.9973000288009644
0.9972166419029236
0.9973166584968567
0.9973666667938232
0.9970999956130981