0.9147666692733765
0.943149983882904
0.9553499817848206
0.9607666730880737
0.9657333493232727
0.9685166478157043
0.9706000089645386
0.9727166891098022
0.9745500087738037
0.9757500290870667
0.9768166542053223
0.9775500297546387
0.9787833094596863
0.9793000221252441
0.9803833365440369
0.981249988079071
0.9817333221435547
0.9821833372116089
0.9823333621025085
0.9831666946411133
0.9837999939918518
0.9841166734695435
0.984499990940094
0.9848833084106445
0.9851999878883362
0.9856666922569275
0.9854666590690613
0.9860000014305115
0.9858666658401489
0.9860666394233704
0.9863166809082031
0.9866166710853577
0.9873499870300293
0.9872000217437744
0.9871500134468079
0.9876833558082581
0.9879166483879089
0.9879666566848755
0.988016664981842
0.9882333278656006
0.9885833263397217
0.9888333082199097
0.9887833595275879
0.9892500042915344
0.9893333315849304
0.9894999861717224
0.989716649055481
0.9897500276565552
0.9899333119392395
0.9898499846458435
0.9901666641235352
0.9903833270072937
0.9903500080108643
0.9905499815940857
0.9903666377067566
0.9909666776657104
0.990933358669281
0.9909833073616028
0.9908666610717773
0.9912999868392944
0.9912333488464355
0.9916499853134155
0.9912499785423279
0.9916333556175232
0.9919333457946777
0.9920666813850403
0.9915833473205566
0.9921666383743286
0.9920333623886108
0.9921166896820068
0.9921666383743286
0.9922333359718323
0.9922500252723694
0.9925333261489868
0.9925166964530945
0.9926666617393494
0.992733359336853
0.9927999973297119
0.9928500056266785
0.9928833246231079
0.9927833080291748
0.992733359336853
0.9928666949272156
0.9929333329200745
0.9932666420936584
0.993399977684021
0.9931333065032959
0.9931333065032959
0.9932500123977661
0.9936833381652832
0.9936833381652832
0.9935166835784912
0.9934999942779541
0.9940833449363708
0.9938333630561829
0.9938333630561829
0.9934666752815247
0.9937666654586792
0.9938166737556458
0.9942499995231628
0.9943166375160217
0.9940999746322632
0.9940333366394043
0.9942666888237
0.9943166375160217
0.9943666458129883
0.994533360004425
0.9945499897003174
0.9945666790008545
0.9945999979972839
0.9944999814033508
0.9948499798774719
0.9942499995231628
0.9948166608810425
0.9946333169937134
0.9949166774749756
0.9948833584785461
0.9945999979972839
0.9948999881744385
0.9948833584785461
0.9949333071708679
0.9948499798774719
0.9952166676521301
0.9951000213623047
0.9951666593551636
0.9953500032424927
0.9950666427612305
0.9952333569526672
0.995199978351593
0.9953833222389221
0.9951000213623047
0.9952333569526672
0.9956333041191101
0.9955999851226807
0.9957000017166138
0.9958333373069763
0.9955833554267883
0.9955333471298218
0.9958000183105469
0.9955833554267883
0.9953666925430298
0.9956499934196472
0.9955333471298218
0.9958666563034058
0.9953333139419556
0.9957000017166138
0.9957833290100098
0.9961166381835938
0.9961000084877014
0.995983362197876
0.9961000084877014
0.9958500266075134
0.9961833357810974
0.9961333274841309
0.9960833191871643
0.9962666630744934
0.9963666796684265
0.9964500069618225
0.996566653251648
0.9960500001907349
0.9965000152587891
0.9963499903678894
0.9964333176612854
0.9966833591461182
0.9965999722480774
0.9965500235557556
0.9967333078384399
0.9965000152587891
0.996666669845581
0.9964333176612854
0.9966833591461182
0.9963833093643188
0.9966999888420105
0.996749997138977
0.9967333078384399
0.9968666434288025
0.996916651725769
0.9969666600227356
0.9969833493232727
0.9968666434288025
0.996833324432373
0.996999979019165
0.996916651725769
0.9969666600227356
0.997083306312561
0.9969833493232727
0.9972833395004272
0.9973000288009644
0.9972666501998901
0.9973666667938232
0.9969666600227356
0.9971166849136353
0.9972000122070312
0.9973000288009644
0.9973333477973938
0.9971666932106018
0.9971833229064941
0.9973666667938232
0.9973666667938232
0.9973833560943604