0.6276400000572204
0.7127799999809266
0.7706600000572205
0.8439400000190734
0.8369199999809265
0.8883600000000000
0.9080400000190735
0.8876000000572205
0.9294200000572205
0.9439000000572204
0.9519799999809265
0.9403400000000000
0.9611200000000000
0.9683400000572204
0.9719600000381470
0.9777599999809266
0.9809400000000000
0.9679000000190735
0.9737200000381470
0.9867200000572205
0.9882000000190735
0.9858000000190735
0.9606200000000000
0.9925600000000000
0.9819200000381469
0.9952400000381469
0.9825599999809265
0.9752600000000000
0.9978599999809266
0.9982000000381470
0.9958000000190735
0.9936400000572204
0.9953800000000000
0.9949600000572204
0.9870800000381470
0.9941000000000000
0.9961400000572205
0.9987999999809265
0.9993400000381469
0.9997400000381470
0.9997600000381470
0.9997600000381470
0.9997600000381470
0.9997600000381470
0.9997600000381470
0.9997600000381470
0.9997600000381470
0.9997600000381470
0.9997600000381470
0.9997600000381470
0.9997600000381470
0.9997600000381470
0.9997600000381470
0.9997600000381470
0.9997400000572204
0.9997400000572204
0.9997400000572204
0.9997400000572204
0.9997400000572204
0.9997400000572204
0.9997400000572204
0.9997400000572204
0.9997400000572204
0.9997400000572204
0.9997400000572204
0.9997400000572204
0.9997400000572204
0.9997400000572204
0.9997400000572204
0.9997400000572204
0.9997400000572204
0.9997400000572204
0.9997400000572204
0.9997400000572204
0.9997400000572204
0.9997400000572204
0.9997400000572204
0.9997400000572204
0.9997400000572204
0.9997400000572204
0.9997400000572204
0.9997400000572204
0.9997400000572204
0.9997400000572204
0.9997400000572204
0.9997400000572204
0.9997400000572204
0.9997400000572204
0.9997400000572204
0.9997400000572204
0.9997400000572204
0.9997400000572204
0.9997400000572204
0.9997400000572204
0.9997400000572204
0.9997400000572204
0.9997400000572204
0.9997400000572204
0.9997400000572204
0.9997400000572204
0.9997400000572204
0.9997400000572204
0.9997400000572204
0.9997400000572204
0.9997400000572204
0.9997400000572204
0.9997400000572204
0.9997400000572204
0.9997400000572204
0.9997400000572204
0.9997400000572204
0.9997400000572204
0.9997400000572204
0.9997400000572204
0.9997400000572204
0.9997400000572204
0.9997400000572204
0.9997400000572204
0.9997400000572204
0.9997400000572204
0.9997400000572204
0.9997400000572204
0.9997400000572204
0.9997400000572204
0.9997400000572204
0.9997400000572204
0.9997400000572204
0.9997400000572204
0.9997400000572204
0.9997400000572204
0.9997400000572204
0.9997400000572204
0.9997400000572204
0.9997400000572204
0.9997400000572204
0.9997400000572204
0.9997400000572204
0.9997400000572204
0.9997400000572204
0.9997400000572204
0.9997400000572204
0.9997400000572204
0.9997400000572204
0.9997400000572204
0.9997400000572204
0.9997400000572204
0.9997400000572204
0.9997400000572204
0.9997400000572204
0.9997400000572204
0.9997400000572204
0.9997400000572204
0.9997400000572204
0.9997400000572204
0.9997400000572204
0.9997400000572204
0.9997400000572204
0.9997400000572204
0.9997400000572204
0.9997400000572204
0.9997400000572204
0.9997400000572204
0.9997400000572204
0.9997400000572204
0.9997400000572204
0.9997400000572204
0.9997400000572204
0.9997400000572204
0.9997400000572204
0.9997400000572204
0.9997400000572204
0.9997400000572204
0.9997400000572204
0.9997400000572204
0.9997400000572204
0.9997400000572204
0.9997400000572204
0.9997400000572204
0.9997400000572204
0.9997400000572204
0.9997400000572204
0.9997400000572204
0.9997400000572204
0.9997400000572204
0.9997400000572204
0.9997400000572204
0.9997400000572204
0.9997400000572204
0.9997400000572204
0.9997400000572204
0.9997400000572204
0.9997400000572204
0.9997400000572204
0.9997400000572204
0.9997400000572204
0.9997400000572204
0.9997400000572204
0.9997400000572204
0.9997400000572204
0.9997400000572204
