0.6325000000000000
0.7314200000381470
0.7809400000000000
0.6433600000572205
0.8401000000000000
0.8391800000190734
0.8952000000381469
0.8595200000000000
0.8996000000381470
0.9402000000381470
0.9383600000190735
0.9673200000000000
0.9513400000572204
0.9610800000381470
0.9750800000572205
0.9764200000381470
0.9617200000190735
0.9792400000000000
0.9795400000190735
0.9902200000190735
0.9832800000381470
0.9762999999999999
0.9890199999809265
0.9962799999809265
0.9926199999809265
0.9957800000381469
0.9869200000381469
0.9898999999809265
0.9915400000000000
0.9951600000381470
0.9950800000000000
0.9914400000000000
0.9873000000572204
0.9915400000381470
0.9986000000190735
0.9988200000381470
0.9975600000000000
0.9995399999809265
0.9996000000000000
0.9996200000000000
0.9996799999809265
0.9996600000000000
0.9996800000000000
0.9996800000000000
0.9996800000000000
0.9996800000000000
0.9996800000000000
0.9996800000000000
0.9996800000000000
0.9996800000000000
0.9996800000000000
0.9996800000000000
0.9996800000000000
0.9996800000000000
0.9997000000000000
0.9997000000000000
0.9997000000000000
0.9997000000000000
0.9997000000000000
0.9997000000000000
0.9997000000000000
0.9997000000000000
0.9997000000000000
0.9997000000000000
0.9997000000000000
0.9997000000000000
0.9997000000000000
0.9997000000000000
0.9997000000000000
0.9997000000000000
0.9997000000000000
0.9997000000000000
0.9997000000000000
0.9997000000000000
0.9997000000000000
0.9997000000000000
0.9997000000000000
0.9997000000000000
0.9997000000000000
0.9997000000000000
0.9997000000000000
0.9997000000000000
0.9997000000000000
0.9997000000000000
0.9997000000000000
0.9997000000000000
0.9997000000000000
0.9997000000000000
0.9997000000000000
0.9997000000000000
0.9997000000000000
0.9997000000000000
0.9997000000000000
0.9997000000000000
0.9997000000000000
0.9997000000000000
0.9997000000000000
0.9997000000000000
0.9997000000000000
0.9997000000000000
0.9997000000000000
0.9997000000000000
0.9997000000000000
0.9997000000000000
0.9997000000000000
0.9997000000000000
0.9997000000000000
0.9997000000000000
0.9997000000000000
0.9997000000000000
0.9997000000000000
0.9997000000000000
0.9997000000000000
0.9997000000000000
0.9997000000000000
0.9997000000000000
0.9997000000000000
0.9997000000000000
0.9997000000000000
0.9997000000000000
0.9997000000000000
0.9997000000000000
0.9997000000000000
0.9997000000000000
0.9997000000000000
0.9997000000000000
0.9997000000000000
0.9997000000000000
0.9997000000000000
0.9997000000000000
0.9997000000000000
0.9997000000000000
0.9997000000000000
0.9997000000000000
0.9997000000000000
0.9997000000000000
0.9997000000000000
0.9997000000000000
0.9997000000000000
0.9997000000000000
0.9997000000000000
0.9997000000000000
0.9997000000000000
0.9997000000000000
0.9997000000000000
0.9997000000000000
0.9997000000000000
0.9997000000000000
0.9997000000000000
0.9997000000000000
0.9997000000000000
0.9997000000000000
0.9997000000000000
0.9997000000000000
0.9997000000000000
0.9997000000000000
0.9997000000000000
0.9997000000000000
0.9997000000000000
0.9997000000000000
0.9997000000000000
0.9997000000000000
0.9997000000000000
0.9997000000000000
0.9997000000000000
0.9997000000000000
0.9997000000000000
0.9997000000000000
0.9997000000000000
0.9997000000000000
0.9997000000000000
0.9997000000000000
0.9997000000000000
0.9997000000000000
0.9997000000000000
0.9997000000000000
0.9997000000000000
0.9997000000000000
0.9997000000000000
0.9997000000000000
0.9997000000000000
0.9997000000000000
0.9997000000000000
0.9997000000000000
0.9997000000000000
0.9997000000000000
0.9997000000000000
0.9997000000000000
0.9997000000000000
0.9997000000000000
0.9997000000000000
0.9997000000000000
0.9997000000000000
0.9997000000000000
0.9997000000000000
0.9997000000000000
0.9997000000000000
0.9997000000000000
0.9997000000000000
0.9997000000000000
