0.5841000000572205
0.6817400000381469
0.7573800000572205
0.7952400000381470
0.8302000000000000
0.8538399999809265
0.8224400000572205
0.8956400000572204
0.9130400000000000
0.9487400000381470
0.9341000000190735
0.9538000000190735
0.9428400000381469
0.9598800000190735
0.9661000000572204
0.9802800000190734
0.9861400000572205
0.9634200000190735
0.9826599999809266
0.9826400000381470
0.9876400000381470
0.9899600000190735
0.9873200000572204
0.9926800000000000
0.9899399999809265
0.9885800000381469
0.9923400000190735
0.9914000000190735
0.9958399999809265
0.9906600000572204
0.9802000000572204
0.9977400000000000
0.9966000000190735
0.9978999999809265
0.9962200000572204
0.9758400000572205
0.9948399999999999
0.9959200000190734
0.9969600000572204
0.9977799999809265
0.9990600000381470
0.9996400000572204
0.9997200000572205
0.9997200000572205
0.9997200000572205
0.9997200000572205
0.9997000000572205
0.9997200000572205
0.9997200000572205
0.9997200000572205
0.9997200000572205
0.9997200000572205
0.9997200000572205
0.9997200000572205
0.9997200000572205
0.9997200000572205
0.9997200000572205
0.9997200000572205
0.9997200000572205
0.9997200000572205
0.9996999999809265
0.9997200000572205
0.9996999999809265
0.9996999999809265
0.9996999999809265
0.9996999999809265
0.9996999999809265
0.9996999999809265
0.9996999999809265
0.9996999999809265
0.9996999999809265
0.9996999999809265
0.9996999999809265
0.9996999999809265
0.9996999999809265
0.9996999999809265
0.9996999999809265
0.9996999999809265
0.9996999999809265
0.9996999999809265
0.9996999999809265
0.9996999999809265
0.9996999999809265
0.9996999999809265
0.9996999999809265
0.9996999999809265
0.9996999999809265
0.9996999999809265
0.9996999999809265
0.9996999999809265
0.9996999999809265
0.9996999999809265
0.9996999999809265
0.9996999999809265
0.9996999999809265
0.9996999999809265
0.9996999999809265
0.9996999999809265
0.9996999999809265
0.9996999999809265
0.9996999999809265
0.9996999999809265
0.9996999999809265
0.9996999999809265
0.9996999999809265
0.9996999999809265
0.9996999999809265
0.9996999999809265
0.9996999999809265
0.9996999999809265
0.9996999999809265
0.9996999999809265
0.9996999999809265
0.9996999999809265
0.9996999999809265
0.9996999999809265
0.9996999999809265
0.9996999999809265
0.9996999999809265
0.9996999999809265
0.9996999999809265
0.9996999999809265
0.9996999999809265
0.9996999999809265
0.9996999999809265
0.9996999999809265
0.9996999999809265
0.9996999999809265
0.9996999999809265
0.9996999999809265
0.9996999999809265
0.9996999999809265
0.9996999999809265
0.9996999999809265
0.9996999999809265
0.9996999999809265
0.9996999999809265
0.9996999999809265
0.9996999999809265
0.9996999999809265
0.9996999999809265
0.9996999999809265
0.9996999999809265
0.9996999999809265
0.9996999999809265
0.9996999999809265
0.9996999999809265
0.9996999999809265
0.9996999999809265
0.9996999999809265
0.9996999999809265
0.9996999999809265
0.9996999999809265
0.9996999999809265
0.9996999999809265
0.9996999999809265
0.9996999999809265
0.9996999999809265
0.9996999999809265
0.9996999999809265
0.9996999999809265
0.9996999999809265
0.9996999999809265
0.9996999999809265
0.9996999999809265
0.9996999999809265
0.9996999999809265
0.9996999999809265
0.9996999999809265
0.9996999999809265
0.9996999999809265
0.9996999999809265
0.9996999999809265
0.9996999999809265
0.9996999999809265
0.9996999999809265
0.9996999999809265
0.9996999999809265
0.9996999999809265
0.9996999999809265
0.9996999999809265
0.9996999999809265
0.9996999999809265
0.9996999999809265
0.9996999999809265
0.9996999999809265
0.9996999999809265
0.9996999999809265
0.9996999999809265
0.9996999999809265
0.9996999999809265
0.9996999999809265
0.9996999999809265
0.9996999999809265
0.9996999999809265
0.9996999999809265
0.9996999999809265
0.9996999999809265
0.9996999999809265
0.9996999999809265
