0.5995800000000000
0.7341600000190734
0.7409400000381470
0.8172399999809266
0.7827800000000000
0.8735600000572205
0.8594200000190735
0.8619800000572204
0.9267599999809265
0.9430400000000000
0.9425400000190735
0.9356800000572204
0.9422799999809265
0.9648600000572205
0.9790600000572205
0.9649600000381470
0.9736800000000000
0.9863599999809265
0.9822600000572205
0.9888000000572205
0.9837399999809265
0.9776600000190735
0.9917200000190735
0.9908600000572204
0.9902800000190735
0.9946000000000000
0.9932800000000001
0.9982400000572205
0.9992200000572204
0.9996400000000000
0.9996999999809265
0.9997000000000000
0.9997000000000000
0.9996800000190735
0.9996800000190735
0.9996800000190735
0.9996800000190735
0.9996800000190735
0.9996800000190735
0.9996800000190735
0.9996800000190735
0.9996800000190735
0.9996800000190735
0.9996800000190735
0.9996800000190735
0.9996800000190735
0.9996800000190735
0.9996800000190735
0.9996800000190735
0.9996800000190735
0.9996800000190735
0.9996800000190735
0.9996800000190735
0.9996800000190735
0.9996800000190735
0.9996800000190735
0.9996800000190735
0.9996800000190735
0.9996800000190735
0.9996800000190735
0.9996800000190735
0.9996800000190735
0.9996800000190735
0.9996800000190735
0.9996800000190735
0.9996800000190735
0.9996800000190735
0.9996800000190735
0.9996800000190735
0.9996800000190735
0.9996800000190735
0.9996800000190735
0.9996800000190735
0.9996800000190735
0.9996800000190735
0.9996800000190735
0.9996800000190735
0.9996800000190735
0.9996800000190735
0.9996800000190735
0.9996800000190735
0.9996800000190735
0.9996800000190735
0.9996800000190735
0.9996800000190735
0.9996800000190735
0.9996800000190735
0.9996800000190735
0.9996800000190735
0.9996800000190735
0.9996800000190735
0.9996800000190735
0.9996800000190735
0.9996800000190735
0.9996800000190735
0.9996800000190735
0.9996800000190735
0.9996800000190735
0.9996800000190735
0.9996800000190735
0.9996800000190735
0.9996800000190735
0.9996800000190735
0.9996800000190735
0.9996800000190735
0.9996800000190735
0.9996800000190735
0.9996800000190735
0.9996800000190735
0.9996800000190735
0.9996800000190735
0.9996800000190735
0.9996800000190735
0.9996800000190735
0.9996800000190735
0.9996800000190735
0.9996800000190735
0.9996800000190735
0.9996800000190735
0.9996800000190735
0.9996800000190735
0.9996800000190735
0.9996800000190735
0.9996800000190735
0.9996800000190735
0.9996800000190735
0.9996800000190735
0.9996800000190735
0.9996800000190735
0.9996800000190735
0.9996800000190735
0.9996800000190735
0.9996800000190735
0.9996800000190735
0.9996800000190735
0.9996800000190735
0.9996800000190735
0.9996800000190735
0.9996800000190735
0.9996800000190735
0.9996800000190735
0.9996800000190735
0.9996800000190735
0.9996800000190735
0.9996800000190735
0.9996800000190735
0.9996800000190735
0.9996800000190735
0.9996800000190735
0.9996800000190735
0.9996800000190735
0.9996800000190735
0.9996800000190735
0.9996800000190735
0.9996800000190735
0.9996800000190735
0.9996800000190735
0.9996800000190735
0.9996800000190735
0.9996800000190735
0.9996800000190735
0.9996800000190735
0.9996800000190735
0.9996800000190735
0.9996800000190735
0.9996800000190735
0.9996800000190735
0.9996800000190735
0.9996800000190735
0.9996800000190735
0.9996800000190735
0.9996800000190735
0.9996800000190735
0.9996800000190735
0.9996800000190735
0.9996800000190735
0.9996800000190735
0.9996800000190735
0.9996800000190735
0.9996800000190735
0.9996800000190735
0.9996800000190735
0.9996800000190735
0.9996800000190735
0.9996800000190735
0.9996800000190735
0.9996800000190735
0.9996800000190735
0.9996800000190735
0.9996800000190735
0.9996800000190735
0.9996800000190735
0.9996800000190735
0.9996800000190735
0.9996800000190735
0.9996800000190735
0.9996800000190735
0.9996800000190735
0.9996800000190735
0.9996800000190735
