0.5939400000190734
0.6931800000572205
0.7971800000572205
0.7892800000381470
0.8600999999809266
0.8551799999809265
0.8788799999809265
0.8995800000381470
0.9225600000000000
0.9393200000572205
0.9585400000381470
0.9612799999809265
0.9676399999999999
0.9595800000381469
0.9718600000381470
0.9855199999809265
0.9682400000381469
0.9770400000000000
0.9812200000572204
0.9785000000190734
0.9903800000190734
0.9853200000000000
0.9636600000000000
0.9933600000000000
0.9880999999809266
0.9912800000000000
0.9928000000190735
0.9917800000190735
0.9985400000381470
0.9947399999809265
0.9959000000190735
0.9933800000190735
0.9913600000000000
0.9940400000572205
0.9943400000000000
0.9945000000572205
0.9963200000000000
0.9938600000190735
0.9969600000381470
0.9990600000572205
0.9994400000381469
0.9996400000381470
0.9996600000381469
0.9996600000381469
0.9996600000381469
0.9996600000381469
0.9996600000381469
0.9996600000381469
0.9996600000381469
0.9996600000381469
0.9996600000381469
0.9996600000381469
0.9996600000381469
0.9996600000381469
0.9996600000381469
0.9996600000381469
0.9996600000381469
0.9996600000381469
0.9996600000381469
0.9996600000381469
0.9996600000381469
0.9996600000381469
0.9996600000381469
0.9996600000381469
0.9996600000381469
0.9996600000381469
0.9996600000381469
0.9996600000381469
0.9996600000381469
0.9996600000381469
0.9996600000381469
0.9996600000381469
0.9996600000381469
0.9996600000381469
0.9996600000381469
0.9996600000381469
0.9996600000381469
0.9996600000381469
0.9996600000381469
0.9996600000381469
0.9996600000381469
0.9996800000190735
0.9996600000381469
0.9996600000381469
0.9996800000190735
0.9996800000190735
0.9996800000190735
0.9996800000190735
0.9996800000190735
0.9996800000190735
0.9996800000190735
0.9996800000190735
0.9996800000190735
0.9996800000190735
0.9996800000190735
0.9996800000190735
0.9996800000190735
0.9996800000190735
0.9996800000190735
0.9996800000190735
0.9996800000190735
0.9996800000190735
0.9996800000190735
0.9996800000190735
0.9996800000190735
0.9996800000190735
0.9996800000190735
0.9996800000190735
0.9996800000190735
0.9996800000190735
0.9996800000190735
0.9996800000190735
0.9996800000190735
0.9996800000190735
0.9996800000190735
0.9996800000190735
0.9996800000190735
0.9996800000190735
0.9996800000190735
0.9996800000190735
0.9996800000190735
0.9996800000190735
0.9996800000190735
0.9996800000190735
0.9996800000190735
0.9996800000190735
0.9996800000190735
0.9996800000190735
0.9996800000190735
0.9996800000190735
0.9996800000190735
0.9996800000190735
0.9996800000190735
0.9996800000190735
0.9996800000190735
0.9996800000190735
0.9996800000190735
0.9996800000190735
0.9996800000190735
0.9996800000190735
0.9996800000190735
0.9996800000190735
0.9996800000190735
0.9996800000190735
0.9996800000190735
0.9996800000190735
0.9996800000190735
0.9996800000190735
0.9996800000190735
0.9996800000190735
0.9996800000190735
0.9996800000190735
0.9996800000190735
0.9996800000190735
0.9996800000190735
0.9996800000190735
0.9996800000190735
0.9996800000190735
0.9996800000190735
0.9996800000190735
0.9996800000190735
0.9996800000190735
0.9996800000190735
0.9996800000190735
0.9996800000190735
0.9996800000190735
0.9996800000190735
0.9996800000190735
0.9996800000190735
0.9996800000190735
0.9996800000190735
0.9996800000190735
0.9996800000190735
0.9996800000190735
0.9996800000190735
0.9996800000190735
0.9996800000190735
0.9996800000190735
0.9996800000190735
0.9996800000190735
0.9996800000190735
0.9996800000190735
0.9996800000190735
0.9996800000190735
0.9996800000190735
0.9996800000190735
0.9996800000190735
0.9996800000190735
0.9996800000190735
0.9996800000190735
0.9996800000190735
0.9996800000190735
0.9996800000190735
0.9996800000190735
0.9996800000190735
0.9996800000190735
0.9996800000190735
0.9996800000190735
0.9996800000190735
0.9996800000190735
