0.7941600001525879
0.8539599999237061
0.8698800002288818
0.8917200001144410
0.9154800000572204
0.9318400000572205
0.9306799999427795
0.9328400000000000
0.9448399999618530
0.9504400000000000
0.9498000001525879
0.9558800003051758
0.9534800002098084
0.9668000000000000
0.9773200000953675
0.9727200003051758
0.9744000002098083
0.9640000001144409
0.9702799999618530
0.9863200000190735
0.9933599999427796
0.9908400000953674
0.9868000001144409
0.9985599999427796
0.9974000003051757
0.9988800000000000
0.9991200000000000
0.9991600000000000
0.9991200001525878
0.9991200001525878
