0.6911600000381469
0.8221599999809265
0.8739200002670288
0.8892799999618530
0.9083600003051758
0.9228400000572204
0.9090400001716614
0.9197199999237060
0.9376000003051758
0.9237200001144409
0.9556000002670288
0.9697600000572204
0.9714000000572205
0.9634799999618531
0.9303600000190735
0.9624399999618530
0.9696800001144409
0.9804000000190735
0.9820000000572204
0.9937200002098083
0.9962400001525878
0.9967200000572205
0.9955600000572205
0.9916400000572204
0.9983600003051758
0.9980000002479553
0.9920400001525879
0.9990400000953674
0.9959600001525879
0.9975600002098084
