0.7440400001525879
0.8204400000381470
0.8721599999618530
0.8733599999618530
0.9009600001144409
0.9100400002098084
0.8900400000190735
0.9222000001144409
0.9231999999618530
0.9275200001144409
0.9218800001716614
0.9586800002098084
0.9649199999618531
0.9762400002098084
0.9790000001525879
0.9760400003051758
0.9456400002670288
0.9759600000190735
0.9885199999237061
0.9915599999618531
0.9921599999618530
0.9566000001335144
0.9702800001144409
0.9802400001716614
0.9915600001716613
0.9979600000572204
0.9989200001525879
0.9989600003051757
0.9991600002479554
0.9991200001525878
