0.7336000001525879
0.8365600000381470
0.8677200000762939
0.8984399999618530
0.8883600001716614
0.9215199999618531
0.9252800001525879
0.9304800002479553
0.9461600003051758
0.9597200000572205
0.9493199999618530
0.9222000000000000
0.9630800000000000
0.9631200000572204
0.9538000000572204
0.9820400000000000
0.9909600001525879
0.9862800000000000
0.9779600002670288
0.9718400001144409
0.9871200001144409
0.9901999999618530
0.9957600002098084
0.9985600002098084
0.9990800001525879
0.9992000002479553
0.9992000002479553
0.9992000002479553
0.9992000002479553
0.9992400000953674
