0.7308000002670288
0.8202799999237060
0.8639600001144410
0.8920800002479553
0.9206000002479553
0.9292400002479553
0.8883199999618531
0.9330400000572204
0.9450800000000000
0.9546800000572204
0.9514000000000000
0.9482000001907349
0.9651200000953675
0.9752400002479553
0.9733200003051757
0.9523600002098084
0.9894000001525879
0.9911600003051758
0.9941600001525879
0.9941999999427795
0.9913200003051758
0.9844800002479553
0.9942000001525879
0.9949999999427795
0.9966400000000000
0.9900400001525879
0.9922400002479553
0.9865600000572204
0.9988400003051758
0.9974800001525879
