0.8997333333969116
0.9461333333651225
0.9625666666984558
0.9701666666984559
0.9744666666984558
0.9769166666984558
0.9793166666984559
0.9809500000317891
0.9823833333651225
0.9835666666984558
0.9845000000317892
0.9855333333651225
0.9863166666984559
0.9874000000317892
0.9880833333651224
0.9886000000317892
0.9892166666984558
0.9900000000317891
0.9906833333969116
0.9914666667302450
0.9919666667302449
0.9923333333969117
0.9930333333969116
0.9935833333969116
0.9939833333969116
0.9944166667302450
0.9946500000635783
0.9948833333969116
0.9952000000635783
0.9954500000635783
0.9957000000635783
0.9959333333969116
0.9962166667302450
0.9964833333969116
0.9967500000635783
0.9969166667302449
0.9970833333969116
0.9972166667302450
0.9974333333969116
0.9976500000635783
0.9978500000635783
0.9980000000635783
0.9982333333969117
0.9983666667302450
0.9984833333969116
0.9986333333969116
0.9987333333969116
0.9988333333969116
0.9989833333969116
0.9990833333969116
0.9992000000635783
0.9992500000635783
0.9992833333969117
0.9993166667302450
0.9993500000635783
0.9993833333969117
0.9994666667302450
0.9995000000635783
0.9995166667302450
0.9996000000635783
0.9996500000635783
0.9997000000635783
0.9997000000635783
0.9997333333969116
0.9997333333969116
0.9997666667302449
0.9997833333969116
0.9997833333969116
0.9997833333969116
0.9997833333969116
0.9998333333969116
0.9998333333969116
0.9998333333969116
0.9998333333969116
0.9998666667302449
0.9999000000635783
0.9999000000635783
0.9999166667302449
0.9999166667302449
0.9999166667302449
0.9999333333969116
0.9999333333969116
0.9999500000635783
0.9999500000635783
0.9999666667302449
0.9999666667302449
0.9999666667302449
0.9999666667302449
0.9999666667302449
0.9999666667302449
0.9999666667302449
0.9999666667302449
0.9999833333969116
0.9999833333969116
0.9999833333969116
0.9999833333969116
0.9999833333969116
0.9999833333969116
0.9999833333969116
0.9999833333969116
0.9999833333969116
0.9999833333969116
0.9999833333969116
0.9999833333969116
0.9999833333969116
0.9999833333969116
0.9999833333969116
0.9999833333969116
0.9999833333969116
0.9999833333969116
0.9999833333969116
0.9999833333969116
0.9999833333969116
0.9999833333969116
0.9999833333969116
0.9999833333969116
0.9999833333969116
0.9999833333969116
0.9999833333969116
0.9999833333969116
0.9999833333969116
0.9999833333969116
0.9999833333969116
0.9999833333969116
0.9999833333969116
0.9999833333969116
0.9999833333969116
0.9999833333969116
0.9999833333969116
0.9999833333969116
0.9999833333969116
0.9999833333969116
0.9999833333969116
0.9999833333969116
0.9999833333969116
0.9999833333969116
0.9999833333969116
0.9999833333969116
0.9999833333969116
0.9999833333969116
0.9999833333969116
0.9999833333969116
0.9999833333969116
0.9999833333969116
0.9999833333969116
0.9999833333969116
0.9999833333969116
0.9999833333969116
0.9999833333969116
0.9999833333969116
0.9999833333969116
0.9999833333969116
0.9999833333969116
0.9999833333969116
0.9999833333969116
0.9999833333969116
0.9999833333969116
0.9999833333969116
0.9999833333969116
0.9999833333969116
0.9999833333969116
0.9999833333969116
0.9999833333969116
0.9999833333969116
0.9999833333969116
0.9999833333969116
0.9999833333969116
0.9999833333969116
0.9999833333969116
0.9999833333969116
0.9999833333969116
0.9999833333969116
0.9999833333969116
0.9999833333969116
0.9999833333969116
0.9999833333969116
0.9999833333969116
0.9999833333969116
0.9999833333969116
0.9999833333969116
0.9999833333969116
0.9999833333969116
0.9999833333969116
0.9999833333969116
0.9999833333969116
0.9999833333969116
0.9999833333969116
0.9999833333969116
0.9999833333969116
0.9999833333969116
0.9999833333969116
0.9999833333969116
0.9999833333969116
0.9999833333969116
0.9999833333969116
0.9999833333969116
0.9999833333969116
0.9999833333969116
0.9999833333969116
0.9999833333969116
