0.9093666667302449
0.9521000000635783
0.9667666666666667
0.9730500000317891
0.9775333333969116
0.9809833333969116
0.9833666667302450
0.9848666667302449
0.9864833333969116
0.9876166667302450
0.9886166667302450
0.9896333333969116
0.9903833333969116
0.9911000000635782
0.9916833333969116
0.9922500000635783
0.9927833333969116
0.9931833333969117
0.9937000000635783
0.9941166667302449
0.9943833333969117
0.9946000000635783
0.9948833333969116
0.9951166667302449
0.9953333333969117
0.9954666667302450
0.9958166667302449
0.9960333333969116
0.9961666667302450
0.9963833333969117
0.9966000000635783
0.9968000000635783
0.9969000000635783
0.9971500000635782
0.9973000000635783
0.9976000000635783
0.9977833333969116
0.9978500000635783
0.9980000000635783
0.9981333333969116
0.9982333333969117
0.9983166667302450
0.9984500000635783
0.9985333333969116
0.9986000000635783
0.9987333333969116
0.9988000000635783
0.9989166667302449
0.9989833333969116
0.9990666667302449
0.9991500000635782
0.9992000000635783
0.9992166667302450
0.9992500000635783
0.9993166667302450
0.9993166667302450
0.9993833333969117
0.9994166667302450
0.9994333333969116
0.9994500000635783
0.9994666667302450
0.9995000000635783
0.9995166667302450
0.9995500000635783
0.9995833333969116
0.9996833333969116
0.9997000000635783
0.9997000000635783
0.9997333333969116
0.9997500000635783
0.9997666667302449
0.9997666667302449
0.9997833333969116
0.9998000000635783
0.9998333333969116
0.9998500000635783
0.9998500000635783
0.9998666667302449
0.9998666667302449
0.9998833333969116
0.9998833333969116
0.9999000000635783
0.9999000000635783
0.9999000000635783
0.9999000000635783
0.9999000000635783
0.9999166667302449
0.9999166667302449
0.9999166667302449
0.9999166667302449
0.9999166667302449
0.9999166667302449
0.9999333333969116
0.9999333333969116
0.9999333333969116
0.9999333333969116
0.9999333333969116
0.9999666667302449
0.9999666667302449
0.9999666667302449
0.9999666667302449
0.9999666667302449
0.9999666667302449
0.9999666667302449
0.9999666667302449
0.9999666667302449
0.9999666667302449
0.9999666667302449
0.9999833333969116
0.9999833333969116
0.9999833333969116
0.9999833333969116
0.9999833333969116
0.9999833333969116
0.9999833333969116
0.9999833333969116
0.9999833333969116
0.9999833333969116
0.9999833333969116
0.9999833333969116
0.9999833333969116
0.9999833333969116
0.9999833333969116
0.9999833333969116
0.9999833333969116
0.9999833333969116
0.9999833333969116
0.9999833333969116
0.9999833333969116
0.9999833333969116
0.9999833333969116
0.9999833333969116
0.9999833333969116
0.9999833333969116
0.9999833333969116
0.9999833333969116
0.9999833333969116
0.9999833333969116
0.9999833333969116
0.9999833333969116
0.9999833333969116
0.9999833333969116
0.9999833333969116
0.9999833333969116
0.9999833333969116
0.9999833333969116
0.9999833333969116
0.9999833333969116
0.9999833333969116
0.9999833333969116
0.9999833333969116
0.9999833333969116
0.9999833333969116
0.9999833333969116
0.9999833333969116
0.9999833333969116
0.9999833333969116
0.9999833333969116
0.9999833333969116
0.9999833333969116
0.9999833333969116
0.9999833333969116
0.9999833333969116
0.9999833333969116
0.9999833333969116
0.9999833333969116
0.9999833333969116
0.9999833333969116
0.9999833333969116
0.9999833333969116
0.9999833333969116
0.9999833333969116
0.9999833333969116
0.9999833333969116
0.9999833333969116
0.9999833333969116
0.9999833333969116
0.9999833333969116
0.9999833333969116
0.9999833333969116
0.9999833333969116
0.9999833333969116
0.9999833333969116
0.9999833333969116
0.9999833333969116
0.9999833333969116
0.9999833333969116
0.9999833333969116
0.9999833333969116
0.9999833333969116
0.9999833333969116
0.9999833333969116
0.9999833333969116
0.9999833333969116
0.9999833333969116
0.9999833333969116
0.9999833333969116
0.9999833333969116
0.9999833333969116
0.9999833333969116
