0.9132666666984558
0.9507166666666667
0.9639833333651224
0.9707833333969116
0.9746333333969116
0.9772333333969117
0.9795833333969116
0.9814500000635783
0.9830666667302450
0.9843333333969116
0.9855500000635783
0.9864833333969116
0.9874333333969116
0.9880833333969116
0.9891166667302450
0.9899333333969116
0.9905666667302450
0.9911833333969117
0.9917333333969116
0.9922666667302450
0.9926666667302450
0.9930833333969116
0.9934166667302450
0.9937166667302449
0.9940333333969116
0.9943666667302450
0.9947166667302449
0.9950333333969116
0.9953500000635783
0.9956500000635783
0.9959333333969116
0.9961833333969117
0.9964666667302450
0.9966166667302450
0.9968000000635783
0.9969833333969116
0.9971500000635782
0.9973500000635783
0.9974666667302450
0.9976833333969116
0.9977666667302449
0.9979166667302449
0.9980166667302449
0.9981000000635782
0.9982833333969117
0.9983833333969117
0.9984666667302450
0.9985666667302450
0.9986666667302450
0.9987666667302449
0.9988666667302449
0.9989500000635783
0.9990333333969116
0.9990500000635782
0.9990666667302449
0.9991333333969116
0.9992166667302450
0.9992333333969117
0.9992833333969117
0.9993500000635783
0.9994166667302450
0.9994666667302450
0.9995000000635783
0.9995000000635783
0.9995500000635783
0.9995500000635783
0.9995833333969116
0.9996166667302450
0.9996333333969116
0.9996333333969116
0.9996666667302450
0.9997166667302450
0.9997166667302450
0.9997333333969116
0.9997666667302449
0.9998000000635783
0.9998166667302449
0.9998333333969116
0.9998333333969116
0.9998333333969116
0.9998500000635783
0.9998500000635783
0.9998500000635783
0.9998500000635783
0.9998666667302449
0.9998833333969116
0.9998833333969116
0.9998833333969116
0.9999000000635783
0.9999166667302449
0.9999166667302449
0.9999166667302449
0.9999166667302449
0.9999333333969116
0.9999333333969116
0.9999333333969116
0.9999333333969116
0.9999333333969116
0.9999333333969116
0.9999500000635783
0.9999666667302449
0.9999666667302449
0.9999666667302449
0.9999666667302449
0.9999666667302449
0.9999833333969116
0.9999833333969116
0.9999833333969116
0.9999833333969116
0.9999833333969116
0.9999833333969116
0.9999833333969116
0.9999833333969116
0.9999833333969116
0.9999833333969116
0.9999833333969116
0.9999833333969116
0.9999833333969116
0.9999833333969116
0.9999833333969116
0.9999833333969116
0.9999833333969116
0.9999833333969116
0.9999833333969116
0.9999833333969116
0.9999833333969116
0.9999833333969116
0.9999833333969116
0.9999833333969116
0.9999833333969116
0.9999833333969116
0.9999833333969116
0.9999833333969116
0.9999833333969116
0.9999833333969116
0.9999833333969116
0.9999833333969116
0.9999833333969116
0.9999833333969116
0.9999833333969116
0.9999833333969116
0.9999833333969116
0.9999833333969116
0.9999833333969116
0.9999833333969116
0.9999833333969116
0.9999833333969116
0.9999833333969116
0.9999833333969116
0.9999833333969116
0.9999833333969116
0.9999833333969116
0.9999833333969116
0.9999833333969116
0.9999833333969116
0.9999833333969116
0.9999833333969116
0.9999833333969116
0.9999833333969116
0.9999833333969116
0.9999833333969116
0.9999833333969116
0.9999833333969116
0.9999833333969116
0.9999833333969116
0.9999833333969116
0.9999833333969116
0.9999833333969116
0.9999833333969116
0.9999833333969116
0.9999833333969116
0.9999833333969116
0.9999833333969116
0.9999833333969116
0.9999833333969116
0.9999833333969116
0.9999833333969116
0.9999833333969116
0.9999833333969116
0.9999833333969116
0.9999833333969116
0.9999833333969116
0.9999833333969116
0.9999833333969116
0.9999833333969116
0.9999833333969116
0.9999833333969116
0.9999833333969116
0.9999833333969116
0.9999833333969116
0.9999833333969116
0.9999833333969116
0.9999833333969116
0.9999833333969116
0.9999833333969116
0.9999833333969116
0.9999833333969116
0.9999833333969116
0.9999833333969116
0.9999833333969116
