0.9132166666984558
0.9513833333333334
0.9649833333651224
0.9712833333651225
0.9756166666984558
0.9785666666984558
0.9808833333651225
0.9828833333651225
0.9843333333651225
0.9858833333969116
0.9871666667302450
0.9879166667302449
0.9887666667302449
0.9896166667302450
0.9901833333969117
0.9908166667302449
0.9913333333969117
0.9918000000635783
0.9921833333969117
0.9928500000635783
0.9933500000635783
0.9938666667302449
0.9941666667302450
0.9946000000635783
0.9949666667302449
0.9953166667302450
0.9955666667302450
0.9958333333969116
0.9961500000635782
0.9964833333969116
0.9966666667302450
0.9969166667302449
0.9970333333969116
0.9972166667302450
0.9973666667302450
0.9974333333969116
0.9976166667302450
0.9977000000635783
0.9978000000635783
0.9979000000635783
0.9980166667302449
0.9981166667302449
0.9982333333969117
0.9984000000635783
0.9985166667302450
0.9986166667302450
0.9987166667302450
0.9987833333969116
0.9988833333969116
0.9989166667302449
0.9989500000635783
0.9990166667302449
0.9991000000635782
0.9991833333969116
0.9992833333969117
0.9993000000635783
0.9993000000635783
0.9993166667302450
0.9993666667302450
0.9993833333969117
0.9994166667302450
0.9994666667302450
0.9994833333969116
0.9994833333969116
0.9995000000635783
0.9995166667302450
0.9995333333969116
0.9995500000635783
0.9995666667302450
0.9996166667302450
0.9996666667302450
0.9996666667302450
0.9997000000635783
0.9997166667302450
0.9997500000635783
0.9997666667302449
0.9997666667302449
0.9997666667302449
0.9997666667302449
0.9997833333969116
0.9998000000635783
0.9998166667302449
0.9998333333969116
0.9998333333969116
0.9998333333969116
0.9998333333969116
0.9998333333969116
0.9998333333969116
0.9998333333969116
0.9998500000635783
0.9998500000635783
0.9998666667302449
0.9998666667302449
0.9998666667302449
0.9998666667302449
0.9998666667302449
0.9998666667302449
0.9999000000635783
0.9999000000635783
0.9999333333969116
0.9999333333969116
0.9999500000635783
0.9999500000635783
0.9999666667302449
0.9999666667302449
0.9999666667302449
0.9999666667302449
0.9999666667302449
0.9999666667302449
0.9999666667302449
0.9999666667302449
0.9999666667302449
0.9999666667302449
0.9999666667302449
0.9999666667302449
0.9999666667302449
0.9999833333969116
0.9999833333969116
0.9999833333969116
0.9999833333969116
0.9999833333969116
0.9999833333969116
0.9999833333969116
0.9999833333969116
0.9999833333969116
0.9999833333969116
0.9999833333969116
0.9999833333969116
0.9999833333969116
0.9999833333969116
0.9999833333969116
0.9999833333969116
0.9999833333969116
0.9999833333969116
0.9999833333969116
0.9999833333969116
0.9999833333969116
0.9999833333969116
0.9999833333969116
0.9999833333969116
0.9999833333969116
0.9999833333969116
0.9999833333969116
0.9999833333969116
0.9999833333969116
0.9999833333969116
0.9999833333969116
0.9999833333969116
0.9999833333969116
0.9999833333969116
0.9999833333969116
0.9999833333969116
0.9999833333969116
0.9999833333969116
0.9999833333969116
0.9999833333969116
0.9999833333969116
0.9999833333969116
0.9999833333969116
0.9999833333969116
0.9999833333969116
0.9999833333969116
0.9999833333969116
0.9999833333969116
0.9999833333969116
0.9999833333969116
0.9999833333969116
0.9999833333969116
0.9999833333969116
0.9999833333969116
0.9999833333969116
0.9999833333969116
0.9999833333969116
0.9999833333969116
0.9999833333969116
0.9999833333969116
0.9999833333969116
0.9999833333969116
0.9999833333969116
0.9999833333969116
0.9999833333969116
0.9999833333969116
0.9999833333969116
0.9999833333969116
0.9999833333969116
0.9999833333969116
0.9999833333969116
0.9999833333969116
0.9999833333969116
0.9999833333969116
0.9999833333969116
0.9999833333969116
0.9999833333969116
0.9999833333969116
0.9999833333969116
0.9999833333969116
0.9999833333969116
0.9999833333969116
0.9999833333969116
0.9999833333969116
