0.9194666666984558
0.9568166667302449
0.9682000000317892
0.9731166666984558
0.9767000000317891
0.9789500000317891
0.9809666667302449
0.9822000000635783
0.9839000000635783
0.9849833333969116
0.9861000000635783
0.9874000000635783
0.9885000000635783
0.9894000000635783
0.9901333333651224
0.9907666666984558
0.9915500000317892
0.9921000000317891
0.9927833333651225
0.9932833333651224
0.9936333333651225
0.9941000000317891
0.9946000000317892
0.9949166666984558
0.9952166666984558
0.9955000000317892
0.9956833333651225
0.9960000000317891
0.9962666666984558
0.9964333333651225
0.9966500000317892
0.9968000000317891
0.9969166666984558
0.9971500000317891
0.9972833333651224
0.9973333333651225
0.9974333333651225
0.9975333333651225
0.9976666666984558
0.9978333333651225
0.9979666666984558
0.9982000000317891
0.9984666666984559
0.9986000000317892
0.9986500000317892
0.9987166666984558
0.9988666666984558
0.9989666667302449
0.9990333333969116
0.9990833333969116
0.9990833333969116
0.9992000000635783
0.9992666667302450
0.9993166667302450
0.9993500000635783
0.9993833333969117
0.9994333333969116
0.9994333333969116
0.9994666667302450
0.9995000000635783
0.9995333333969116
0.9995333333969116
0.9995666667302450
0.9996166667302450
0.9996333333969116
0.9996666667302450
0.9996833333969116
0.9997000000635783
0.9997166667302450
0.9997166667302450
0.9997333333969116
0.9997333333969116
0.9997333333969116
0.9997500000635783
0.9997500000635783
0.9997666667302449
0.9997666667302449
0.9998000000635783
0.9998000000635783
0.9998166667302449
0.9998166667302449
0.9998333333969116
0.9998500000635783
0.9998666667302449
0.9998666667302449
0.9998666667302449
0.9998833333969116
0.9998833333969116
0.9998833333969116
0.9999000000635783
0.9999000000635783
0.9999166667302449
0.9999166667302449
0.9999166667302449
0.9999166667302449
0.9999166667302449
0.9999166667302449
0.9999166667302449
0.9999166667302449
0.9999166667302449
0.9999166667302449
0.9999166667302449
0.9999166667302449
0.9999166667302449
0.9999166667302449
0.9999333333969116
0.9999333333969116
0.9999333333969116
0.9999333333969116
0.9999333333969116
0.9999333333969116
0.9999333333969116
0.9999333333969116
0.9999500000635783
0.9999666667302449
0.9999666667302449
0.9999833333969116
0.9999833333969116
0.9999833333969116
0.9999833333969116
0.9999833333969116
0.9999833333969116
0.9999833333969116
0.9999833333969116
0.9999833333969116
0.9999833333969116
0.9999833333969116
0.9999833333969116
0.9999833333969116
0.9999833333969116
0.9999833333969116
0.9999833333969116
0.9999833333969116
0.9999833333969116
0.9999833333969116
0.9999833333969116
0.9999833333969116
0.9999833333969116
0.9999833333969116
0.9999833333969116
0.9999833333969116
0.9999833333969116
0.9999833333969116
0.9999833333969116
0.9999833333969116
0.9999833333969116
0.9999833333969116
0.9999833333969116
0.9999833333969116
0.9999833333969116
0.9999833333969116
0.9999833333969116
0.9999833333969116
0.9999833333969116
0.9999833333969116
0.9999833333969116
0.9999833333969116
0.9999833333969116
0.9999833333969116
0.9999833333969116
0.9999833333969116
0.9999833333969116
0.9999833333969116
0.9999833333969116
0.9999833333969116
0.9999833333969116
0.9999833333969116
0.9999833333969116
0.9999833333969116
0.9999833333969116
0.9999833333969116
0.9999833333969116
0.9999833333969116
0.9999833333969116
0.9999833333969116
0.9999833333969116
0.9999833333969116
0.9999833333969116
0.9999833333969116
0.9999833333969116
0.9999833333969116
0.9999833333969116
0.9999833333969116
0.9999833333969116
0.9999833333969116
0.9999833333969116
0.9999833333969116
0.9999833333969116
0.9999833333969116
0.9999833333969116
0.9999833333969116
0.9999833333969116
0.9999833333969116
0.9999833333969116
0.9999833333969116
0.9999833333969116
0.9999833333969116
0.9999833333969116
0.9999833333969116
0.9999833333969116
