0.38585999999999998
0.45972000000000002
0.59194000000000002
0.66910000000000003
0.65917999999999999
0.73351999999999995
0.74773999999999996
0.79666000000000003
0.79468000000000005
0.75139999999999996
0.82298000000000004
0.83664000000000005
0.85733999999999999
0.87053999999999998
0.86797999999999997
0.88085999999999998
0.87141999999999997
0.88746000000000003
0.90288000000000002
0.88668000000000002
0.87017999999999995
0.87178
0.91269999999999996
0.90032000000000001
0.91766000000000003
0.93196000000000001
0.92976000000000003
0.92032000000000003
0.93242000000000003
0.94025999999999998
0.93635999999999997
0.93918000000000001
0.94262000000000001
0.92589999999999995
0.94882
0.95299999999999996
0.93803999999999998
0.94855999999999996
0.95006000000000002
0.95194000000000001
0.94484000000000001
0.96053999999999995
0.96079999999999999
0.96020000000000005
0.93959999999999999
0.96494000000000002
0.94547999999999999
0.96638000000000002
0.96506000000000003
0.96863999999999995
0.97008000000000005
0.96755999999999998
0.96164000000000005
0.96930000000000005
0.97196000000000005
0.97130000000000005
0.96921999999999997
0.97099999999999997
0.96689999999999998
0.97240000000000004
0.9728
0.97465999999999997
0.97462000000000004
0.97348000000000001
0.97518000000000005
0.97052000000000005
0.97604000000000002
0.97585999999999995
0.97648000000000001
0.97711999999999999
0.97414000000000001
0.9768
0.97684000000000004
0.97838000000000003
0.97718000000000005
0.97907999999999995
0.97814000000000001
0.9758
0.98053999999999997
0.97838000000000003
0.95862000000000003
0.97860000000000003
0.97946
0.97984000000000004
0.97992000000000001
0.98119999999999996
0.95362000000000002
0.97951999999999995
0.97885999999999995
0.97252000000000005
0.97555999999999998
0.98136000000000001
0.98231999999999997
0.98297999999999996
0.98150000000000004
0.98155999999999999
0.98021999999999998
0.97936000000000001
0.9829
0.98319999999999996
0.98192000000000002
0.98019999999999996
0.98243999999999998
0.98155999999999999
0.98319999999999996
0.97870000000000001
0.98314000000000001
0.98228000000000004
0.98146
0.98314000000000001
0.98199999999999998
0.9829
0.98295999999999994
0.98331999999999997
0.98180000000000001
0.98426000000000002
0.98392000000000002
0.98453999999999997
0.98272000000000004
0.98404000000000003
0.98221999999999998
0.98241999999999996
0.98380000000000001
0.98295999999999994
0.98360000000000003
0.98426000000000002
0.97445999999999999
0.98506000000000005
0.98224
0.98421999999999998
0.98499999999999999
0.98211999999999999
0.98482000000000003
0.98497999999999997
0.98546
0.98531999999999997
0.98568
0.98514000000000002
0.98407999999999995
0.98470000000000002
0.98492000000000002
0.98577999999999999
0.98221999999999998
0.98533999999999999
0.98570000000000002
0.98594000000000004
0.98582000000000003
0.98568
0.98397999999999997
0.98612
0.98640000000000005
0.98628000000000005
0.98580000000000001
0.9859
0.98584000000000005
0.98570000000000002
0.98636000000000001
0.98582000000000003
0.98648000000000002
0.98640000000000005
0.98089999999999999
0.98643999999999998
0.98570000000000002
0.98660000000000003
0.98680000000000001
0.98599999999999999
0.98638000000000003
0.98599999999999999
0.98680000000000001
0.98651999999999995
0.98568
0.98450000000000004
0.98694000000000004
0.98631999999999997
0.98704000000000003
0.98617999999999995
0.98697999999999997
0.98668
0.98597999999999997
0.98607999999999996
0.98675999999999997
0.98672000000000004
0.98716000000000004
0.98697999999999997
0.98597999999999997
0.98658000000000001
0.98704000000000003
0.98724000000000001
0.98702000000000001
0.98719999999999997
0.98743999999999998
0.98762000000000005
0.98753999999999997
0.98750000000000004
0.98729999999999996
0.98738000000000004
0.98743999999999998
0.98651999999999995
0.98773999999999995
0.98760000000000003
