0.39173999999999998
0.47754000000000002
0.58001999999999998
0.65071999999999997
0.65146000000000004
0.72407999999999995
0.73304000000000002
0.76715999999999995
0.77400000000000002
0.78681999999999996
0.75419999999999998
0.81113999999999997
0.83374000000000004
0.85092000000000001
0.86684000000000005
0.87514000000000003
0.88319999999999999
0.88971999999999996
0.89393999999999996
0.89407999999999999
0.88807999999999998
0.90503999999999996
0.90981999999999996
0.91303999999999996
0.90725999999999996
0.81669999999999998
0.90888000000000002
0.92666000000000004
0.91954000000000002
0.92864000000000002
0.93672
0.91678000000000004
0.94979999999999998
0.94033999999999995
0.94606000000000001
0.92615999999999998
0.94259999999999999
0.95638000000000001
0.95540000000000003
0.95704
0.95399999999999996
0.94518000000000002
0.96116000000000001
0.96367999999999998
0.96111999999999997
0.95350000000000001
0.93435999999999997
0.94316
0.96804000000000001
0.96316000000000002
0.96299999999999997
0.9637
0.96606000000000003
0.9335
0.96533999999999998
0.97008000000000005
0.97358
0.97336
0.96464000000000005
0.96672000000000002
0.97529999999999994
0.96533999999999998
0.97085999999999995
0.96955999999999998
0.97131999999999996
0.97487999999999997
0.97470000000000001
0.97297999999999996
0.97872000000000003
0.97802
0.97382000000000002
0.97877999999999998
0.97665999999999997
0.97918000000000005
0.98009999999999997
0.98124
0.97999999999999998
0.97797999999999996
0.97750000000000004
0.97543999999999997
0.98192000000000002
0.98124
0.98077999999999999
0.97796000000000005
0.98246
0.97874000000000005
0.98184000000000005
0.97926000000000002
0.98309999999999997
0.98111999999999999
0.98270000000000002
0.98299999999999998
0.97999999999999998
0.98373999999999995
0.98231999999999997
0.97872000000000003
0.98309999999999997
0.98395999999999995
0.98038000000000003
0.98395999999999995
0.98292000000000002
0.98275999999999997
0.98373999999999995
0.98370000000000002
0.98382000000000003
0.98453999999999997
0.98385999999999996
0.98206000000000004
0.98521999999999998
0.98407999999999995
0.98538000000000003
0.98492000000000002
0.98470000000000002
0.98548000000000002
0.98546
0.98563999999999996
0.98607999999999996
0.98109999999999997
0.98560000000000003
0.98565999999999998
0.98514000000000002
0.9839
0.98421999999999998
0.98619999999999997
0.98560000000000003
0.98540000000000005
0.98606000000000005
0.98404000000000003
0.98628000000000005
0.98553999999999997
0.98643999999999998
0.98526000000000002
0.98665999999999998
0.98672000000000004
0.98640000000000005
0.98606000000000005
0.98575999999999997
0.9859
0.98616000000000004
0.98587999999999998
0.98675999999999997
0.98677999999999999
0.98692000000000002
0.98643999999999998
0.98619999999999997
0.98684000000000005
0.98672000000000004
0.98640000000000005
0.98617999999999995
0.98619999999999997
0.98680000000000001
0.98702000000000001
0.98706000000000005
0.98726000000000003
0.98731999999999998
0.98755999999999999
0.98760000000000003
0.98729999999999996
0.98746
0.98743999999999998
0.98726000000000003
0.98694000000000004
0.98716000000000004
0.98628000000000005
0.98743999999999998
0.98746
0.98758000000000001
0.9879
0.98663999999999996
0.98377999999999999
0.98794000000000004
0.98341999999999996
0.98721999999999999
0.98716000000000004
0.98734
0.98753999999999997
0.98777999999999999
0.9879
0.98706000000000005
0.98804000000000003
0.98782000000000003
0.98575999999999997
0.98760000000000003
0.98792000000000002
0.98772000000000004
0.98753999999999997
0.98799999999999999
0.98826000000000003
0.98812
0.98743999999999998
0.98792000000000002
0.98836000000000002
0.98814000000000002
0.98807999999999996
0.98768
0.98834
0.98846000000000001
0.98828000000000005
0.98838000000000004
0.98846000000000001
