0.49862000000000001
0.52383999999999997
0.60389999999999999
0.70157999999999998
0.66512000000000004
0.74319999999999997
0.7379
0.78981999999999997
0.74375999999999998
0.82432000000000005
0.81706000000000001
0.82972000000000001
0.85346
0.81354000000000004
0.84899999999999998
0.82018000000000002
0.89232
0.83762000000000003
0.88358000000000003
0.89966000000000002
0.86956
0.88227999999999995
0.88241999999999998
0.91878000000000004
0.92045999999999994
0.92808000000000002
0.90978000000000003
0.92276000000000002
0.92935999999999996
0.93088000000000004
0.90959999999999996
0.89648000000000005
0.93486000000000002
0.94474000000000002
0.94098000000000004
0.95145999999999997
0.95006000000000002
0.93854000000000004
0.95640000000000003
0.94521999999999995
0.95423999999999998
0.96111999999999997
0.96016000000000001
0.95774000000000004
0.95676000000000005
0.95818000000000003
0.96328000000000003
0.96550000000000002
0.96319999999999995
0.96204000000000001
0.96113999999999999
0.96941999999999995
0.96838000000000002
0.97104000000000001
0.94196000000000002
0.97175999999999996
0.97216000000000002
0.97341999999999995
0.97489999999999999
0.97089999999999999
0.97241999999999995
0.97562000000000004
0.97331999999999996
0.97397999999999996
0.97487999999999997
0.97675999999999996
0.97728000000000004
0.97572000000000003
0.97287999999999997
0.97524
0.97750000000000004
0.97296000000000005
0.97962000000000005
0.97962000000000005
0.98070000000000002
0.97953999999999997
0.97870000000000001
0.98011999999999999
0.97648000000000001
0.98158000000000001
0.97567999999999999
0.97960000000000003
0.98062000000000005
0.98172000000000004
0.97836000000000001
0.97360000000000002
0.98207999999999995
0.98260000000000003
0.97899999999999998
0.97914000000000001
0.98277999999999999
0.97440000000000004
0.98326000000000002
0.98219999999999996
0.98372000000000004
0.98197999999999996
0.98263999999999996
0.98362000000000005
0.98085999999999995
0.98387999999999998
0.98216000000000003
0.98350000000000004
0.98392000000000002
0.98350000000000004
0.98477999999999999
0.98504000000000003
0.98487999999999998
0.98468
0.98533999999999999
0.98472000000000004
0.98528000000000004
0.98465999999999998
0.98558000000000001
0.98580000000000001
0.98443999999999998
0.98524
0.98263999999999996
0.98558000000000001
0.98584000000000005
0.98426000000000002
0.9849
0.98607999999999996
0.98480000000000001
0.96094000000000002
0.98602000000000001
0.98512
0.98533999999999999
0.98431999999999997
0.98528000000000004
0.98624000000000001
0.98519999999999996
0.98621999999999999
0.98626000000000003
0.98631999999999997
0.98599999999999999
0.98629999999999995
0.98638000000000003
0.98672000000000004
0.98299999999999998
0.98548000000000002
0.98677999999999999
0.98299999999999998
0.98672000000000004
0.98707999999999996
0.98702000000000001
0.98594000000000004
0.98719999999999997
0.98663999999999996
0.98646
0.98702000000000001
0.98631999999999997
0.98646
0.98729999999999996
0.98734
0.98741999999999996
0.98697999999999997
0.98629999999999995
0.98719999999999997
0.98760000000000003
0.98617999999999995
0.98685999999999996
0.98697999999999997
0.98697999999999997
0.98734
0.98729999999999996
0.98612
0.98728000000000005
0.98772000000000004
0.98721999999999999
0.98768
0.9879
0.98785999999999996
0.98695999999999995
0.98794000000000004
0.98794000000000004
0.98807999999999996
0.98724000000000001
0.98816000000000004
0.98780000000000001
0.98641999999999996
0.98762000000000005
0.98792000000000002
0.98782000000000003
0.98819999999999997
0.98780000000000001
0.98824000000000001
0.98802000000000001
0.98809999999999998
0.98736000000000002
0.98787999999999998
0.9869
0.98812
0.98682000000000003
0.98750000000000004
0.98838000000000004
0.98614000000000002
0.98839999999999995
0.98741999999999996
0.98848000000000003
0.98843999999999999
