0.36177999999999999
0.54313999999999996
0.55374000000000001
0.69581999999999999
0.72075999999999996
0.67464000000000002
0.71364000000000005
0.7903
0.70669999999999999
0.81857999999999997
0.83057999999999998
0.83206000000000002
0.85316000000000003
0.84348000000000001
0.85787999999999998
0.86826000000000003
0.84277999999999997
0.88815999999999995
0.8891
0.89439999999999997
0.88100000000000001
0.91300000000000003
0.91425999999999996
0.90922000000000003
0.89054
0.92688000000000004
0.92444000000000004
0.93403999999999998
0.92218
0.93652000000000002
0.91442000000000001
0.94013999999999998
0.93611999999999995
0.94118000000000002
0.94155999999999995
0.94179999999999997
0.95201999999999998
0.94816
0.94403999999999999
0.95709999999999995
0.95089999999999997
0.95043999999999995
0.95150000000000001
0.95689999999999997
0.94842000000000004
0.96692
0.96086000000000005
0.96155999999999997
0.96462000000000003
0.96794000000000002
0.95520000000000005
0.96506000000000003
0.95316000000000001
0.95911999999999997
0.97084000000000004
0.97111999999999998
0.96948000000000001
0.97262000000000004
0.96706000000000003
0.96996000000000004
0.97431999999999996
0.97167999999999999
0.97287999999999997
0.97624
0.97077999999999998
0.96982000000000002
0.97697999999999996
0.97202
0.97624
0.96220000000000006
0.97452000000000005
0.97418000000000005
0.97792000000000001
0.97399999999999998
0.97807999999999995
0.96128000000000002
0.97297999999999996
0.97975999999999996
0.97743999999999998
0.97475999999999996
0.98009999999999997
0.98194000000000004
0.97833999999999999
0.97897999999999996
0.97951999999999995
0.98173999999999995
0.97750000000000004
0.9819
0.97974000000000006
0.98187999999999998
0.98260000000000003
0.98292000000000002
0.98268
0.98355999999999999
0.97984000000000004
0.98107999999999995
0.94789999999999996
0.98287999999999998
0.98277999999999999
0.98197999999999996
0.98231999999999997
0.97855999999999999
0.98014000000000001
0.98329999999999995
0.98082000000000003
0.98306000000000004
0.98304000000000002
0.98362000000000005
0.98458000000000001
0.98055999999999999
0.97626000000000002
0.98451999999999995
0.98118000000000005
0.98438000000000003
0.98451999999999995
0.98448000000000002
0.98385999999999996
0.98463999999999996
0.98399999999999999
0.98507999999999996
0.98406000000000005
0.98326000000000002
0.98463999999999996
0.98548000000000002
0.98580000000000001
0.98485999999999996
0.98555999999999999
0.98470000000000002
0.98582000000000003
0.98538000000000003
0.98512
0.98582000000000003
0.98599999999999999
0.98587999999999998
0.98568
0.98538000000000003
0.98609999999999998
0.98573999999999995
0.98407999999999995
0.98651999999999995
0.98533999999999999
0.98585999999999996
0.98646
0.98540000000000005
0.98562000000000005
0.98650000000000004
0.98541999999999996
0.98658000000000001
0.98631999999999997
0.98604000000000003
0.98650000000000004
0.98446
0.98546
0.98651999999999995
0.98606000000000005
0.98462000000000005
0.98628000000000005
0.98658000000000001
0.98702000000000001
0.98658000000000001
0.98655999999999999
0.98536000000000001
0.98641999999999996
0.98692000000000002
0.98653999999999997
0.98641999999999996
0.98724000000000001
0.98777999999999999
0.98716000000000004
0.98763999999999996
0.98784000000000005
0.98777999999999999
0.98692000000000002
0.98804000000000003
0.98714000000000002
0.98799999999999999
0.98799999999999999
0.98795999999999995
0.98799999999999999
0.98775999999999997
0.98762000000000005
0.98668
0.98838000000000004
0.98819999999999997
0.98819999999999997
0.98694000000000004
0.98809999999999998
0.98807999999999996
0.98741999999999996
0.98829999999999996
0.98834
0.98821999999999999
0.98768
0.98797999999999997
0.98794000000000004
0.98834
0.98858000000000001
0.98695999999999995
0.98828000000000005
0.98819999999999997
