0.37264000000000003
0.54361999999999999
0.63160000000000005
0.64161999999999997
0.60558000000000001
0.72997999999999996
0.74628000000000005
0.76654
0.78620000000000001
0.8246
0.83896000000000004
0.79049999999999998
0.85814000000000001
0.8357
0.83513999999999999
0.88070000000000004
0.87722
0.89168000000000003
0.88004000000000004
0.90171999999999997
0.89093999999999995
0.89810000000000001
0.90737999999999996
0.91269999999999996
0.92423999999999995
0.91235999999999995
0.89880000000000004
0.93015999999999999
0.93700000000000006
0.93554000000000004
0.93777999999999995
0.93518000000000001
0.92476000000000003
0.93757999999999997
0.94828000000000001
0.94528000000000001
0.95140000000000002
0.94662000000000002
0.92532000000000003
0.95242000000000004
0.95220000000000005
0.94598000000000004
0.93062
0.96118000000000003
0.96065999999999996
0.96338000000000001
0.96131999999999995
0.96626000000000001
0.96279999999999999
0.96550000000000002
0.96296000000000004
0.96013999999999999
0.96955999999999998
0.96201999999999999
0.96938000000000002
0.95445999999999998
0.97018000000000004
0.97404000000000002
0.97121999999999997
0.96967999999999999
0.97255999999999998
0.96974000000000005
0.96996000000000004
0.97772000000000003
0.97316000000000003
0.97699999999999998
0.97274000000000005
0.97787999999999997
0.97552000000000005
0.97799999999999998
0.97806000000000004
0.97907999999999995
0.97738000000000003
0.97753999999999996
0.97694000000000003
0.97933999999999999
0.97996000000000005
0.98038000000000003
0.97997999999999996
0.97941999999999996
0.98131999999999997
0.98168
0.97928000000000004
0.98146
0.98114000000000001
0.97789999999999999
0.97970000000000002
0.94262000000000001
0.97943999999999998
0.97699999999999998
0.97382000000000002
0.98170000000000002
0.98131999999999997
0.98051999999999995
0.96038000000000001
0.97652000000000005
0.98365999999999998
0.98306000000000004
0.98270000000000002
0.98343999999999998
0.98343999999999998
0.98162000000000005
0.98336000000000001
0.98295999999999994
0.97936000000000001
0.98406000000000005
0.9819
0.98362000000000005
0.98277999999999999
0.98455999999999999
0.98509999999999998
0.98463999999999996
0.98407999999999995
0.97789999999999999
0.98472000000000004
0.98419999999999996
0.98538000000000003
0.98406000000000005
0.98446
0.98333999999999999
0.98528000000000004
0.98507999999999996
0.98472000000000004
0.98497999999999997
0.98531999999999997
0.98594000000000004
0.98453999999999997
0.98506000000000005
0.98529999999999995
0.98597999999999997
0.98465999999999998
0.98572000000000004
0.98153999999999997
0.98499999999999999
0.98529999999999995
0.98584000000000005
0.98541999999999996
0.98568
0.98658000000000001
0.98602000000000001
0.98382000000000003
0.98624000000000001
0.98436000000000001
0.98629999999999995
0.98575999999999997
0.98626000000000003
0.98404000000000003
0.98687999999999998
0.98687999999999998
0.98731999999999998
0.98706000000000005
0.98704000000000003
0.98458000000000001
0.98750000000000004
0.9869
0.98707999999999996
0.98758000000000001
0.98712
0.98763999999999996
0.98734
0.98580000000000001
0.98609999999999998
0.98765999999999998
0.98597999999999997
0.98755999999999999
0.98762000000000005
0.98755999999999999
0.98677999999999999
0.97555999999999998
0.98777999999999999
0.98784000000000005
0.98750000000000004
0.98799999999999999
0.98782000000000003
0.98712
0.98748000000000002
0.98802000000000001
0.98716000000000004
0.98772000000000004
0.98655999999999999
0.98777999999999999
0.98787999999999998
0.98714000000000002
0.98809999999999998
0.98795999999999995
0.98717999999999995
0.98758000000000001
0.98660000000000003
0.98812
0.98719999999999997
0.98846000000000001
0.98836000000000002
0.98839999999999995
0.98860000000000003
0.98841999999999997
0.98794000000000004
0.98814000000000002
0.98841999999999997
0.98843999999999999
0.98855999999999999
