7.823600172996520996e-01
8.679999709129333496e-01
9.046000242233276367e-01
9.222000241279602051e-01
9.375600218772888184e-01
9.248399734497070312e-01
9.589200019836425781e-01
9.611999988555908203e-01
9.495599865913391113e-01
9.628400206565856934e-01
9.689199924468994141e-01
9.750800132751464844e-01
9.829199910163879395e-01
9.774799942970275879e-01
9.752799868583679199e-01
9.827200174331665039e-01
9.765999913215637207e-01
9.786000251770019531e-01
9.814800024032592773e-01
9.901599884033203125e-01
9.902399778366088867e-01
9.900799989700317383e-01
9.931600093841552734e-01
9.866799712181091309e-01
9.924399852752685547e-01
9.792799949645996094e-01
9.816399812698364258e-01
9.927600026130676270e-01
9.947599768638610840e-01
9.947999715805053711e-01
