6.564800143241882324e-01
8.740400075912475586e-01
9.033200144767761230e-01
9.320799708366394043e-01
9.398800134658813477e-01
9.535599946975708008e-01
9.604799747467041016e-01
9.616000056266784668e-01
9.699199795722961426e-01
9.555600285530090332e-01
9.707199931144714355e-01
9.807199835777282715e-01
9.602000117301940918e-01
9.844800233840942383e-01
9.865999817848205566e-01
9.885200262069702148e-01
9.872800111770629883e-01
9.741600155830383301e-01
9.858400225639343262e-01
9.772400259971618652e-01
9.859200119972229004e-01
9.890800118446350098e-01
9.931200146675109863e-01
9.836000204086303711e-01
9.927600026130676270e-01
9.887599945068359375e-01
9.954800009727478027e-01
9.961199760437011719e-01
9.936000108718872070e-01
9.962000250816345215e-01
