6.339200139045715332e-01
8.668000102043151855e-01
9.040399789810180664e-01
9.236400127410888672e-01
9.377599954605102539e-01
9.516800045967102051e-01
9.466400146484375000e-01
9.668400287628173828e-01
9.652000069618225098e-01
9.727200269699096680e-01
9.763600230216979980e-01
9.794800281524658203e-01
9.836800098419189453e-01
9.806399941444396973e-01
9.844800233840942383e-01
9.879599809646606445e-01
9.833199977874755859e-01
9.837999939918518066e-01
9.881600141525268555e-01
9.896799921989440918e-01
9.870799779891967773e-01
9.816399812698364258e-01
9.926400184631347656e-01
9.949600100517272949e-01
9.955199956893920898e-01
9.846400022506713867e-01
9.944800138473510742e-01
9.896000027656555176e-01
9.943199753761291504e-01
9.956799745559692383e-01
