7.091599702835083008e-01
8.379600048065185547e-01
9.020799994468688965e-01
9.294400215148925781e-01
9.312400221824645996e-01
9.496799707412719727e-01
9.568799734115600586e-01
9.596800208091735840e-01
9.698799848556518555e-01
9.736800193786621094e-01
9.654800295829772949e-01
9.772800207138061523e-01
9.792799949645996094e-01
9.843599796295166016e-01
9.846400022506713867e-01
9.878000020980834961e-01
9.871199727058410645e-01
9.891200065612792969e-01
9.898399710655212402e-01
9.768400192260742188e-01
9.891200065612792969e-01
9.919199943542480469e-01
9.908400177955627441e-01
9.908000230789184570e-01
9.946799874305725098e-01
9.930400252342224121e-01
9.851199984550476074e-01
9.944800138473510742e-01
9.690399765968322754e-01
9.885600209236145020e-01
