6.523600220680236816e-01
8.650000095367431641e-01
9.088400006294250488e-01
9.043999910354614258e-01
9.379600286483764648e-01
9.488400220870971680e-01
9.450799822807312012e-01
9.594799876213073730e-01
9.587600231170654297e-01
9.649999737739562988e-01
9.773200154304504395e-01
9.649599790573120117e-01
9.756399989128112793e-01
9.808800220489501953e-01
9.850000143051147461e-01
9.852799773216247559e-01
9.858400225639343262e-01
9.866399765014648438e-01
9.788799881935119629e-01
9.910799860954284668e-01
9.915999770164489746e-01
9.911999702453613281e-01
9.853199720382690430e-01
9.906399846076965332e-01
9.936400055885314941e-01
9.921200275421142578e-01
9.950399994850158691e-01
9.920799732208251953e-01
9.954000115394592285e-01
9.955599904060363770e-01
