0.12981999999999999
0.35671999999999998
0.69433999999999996
0.80564000000000002
0.85333999999999999
0.86377999999999999
0.77734000000000003
0.90917999999999999
0.63185999999999998
0.92176000000000002
0.96758
0.96196000000000004
0.95913999999999999
0.97740000000000005
0.97846
0.97758
0.98887999999999998
0.97175999999999996
0.98855999999999999
0.98902000000000001
0.99146000000000001
0.98924000000000001
0.99260000000000004
0.98921999999999999
0.97716000000000003
0.99378
0.995
0.99583999999999995
0.96777999999999997
0.99550000000000005
0.99609999999999999
0.98875999999999997
0.99827999999999995
0.99373999999999996
0.99795999999999996
0.99931999999999999
0.99924000000000002
0.97929999999999995
0.99195999999999995
0.99827999999999995
0.99944
0.99978
0.99994000000000005
0.99997999999999998
0.99997999999999998
1
1
1
1
1
1
1
1
1
1
1
1
1
1
1
1
1
1
1
1
1
1
1
1
1
1
1
1
1
1
1
1
1
1
1
1
1
1
1
1
1
1
1
1
1
1
1
1
1
1
1
1
1
1
1
1
1
1
1
1
1
1
1
1
1
1
1
1
1
1
1
1
1
1
1
1
1
1
1
1
1
1
1
1
1
1
1
1
1
1
1
1
1
1
1
1
1
1
1
1
1
1
1
1
1
1
1
1
1
1
1
1
1
1
1
1
1
1
1
1
1
1
1
1
1
1
1
1
1
1
1
1
1
1
1
1
1
1
1
1
1
1
1
1
1
1
1
1
1
1
1
1
1
1
1
