0.12590000000000001
0.46144000000000002
0.77380000000000004
0.86151999999999995
0.86970000000000003
0.51115999999999995
0.88841999999999999
0.88634000000000002
0.92037999999999998
0.91002000000000005
0.95921999999999996
0.85816000000000003
0.97906000000000004
0.97055999999999998
0.97872000000000003
0.98897999999999997
0.9577
0.96765999999999996
0.9899
0.98973999999999995
0.99107999999999996
0.99597999999999998
0.98204000000000002
0.99712000000000001
0.99595999999999996
0.98419999999999996
0.99307999999999996
0.98673999999999995
0.99590000000000001
0.99192000000000002
0.99916000000000005
0.99944
0.99963999999999997
0.99972000000000005
0.99995999999999996
0.99995999999999996
0.99995999999999996
0.99997999999999998
1
1
1
1
1
1
1
1
1
1
1
1
1
1
1
1
1
1
1
1
1
1
1
1
1
1
1
1
1
1
1
1
1
1
1
1
1
1
1
1
1
1
1
1
1
1
1
1
1
1
1
1
1
1
1
1
1
1
1
1
1
1
1
1
1
1
1
1
1
1
1
1
1
1
1
1
1
1
1
1
1
1
1
1
1
1
1
1
1
1
1
1
1
1
1
1
1
1
1
1
1
1
1
1
1
1
1
1
1
1
1
1
1
1
1
1
1
1
1
1
1
1
1
1
1
1
1
1
1
1
1
1
1
1
1
1
1
1
1
1
1
1
1
1
1
1
1
1
1
1
1
1
1
1
1
1
1
1
1
1
1
1
