0.21967999999999999
0.433
0.78444000000000003
0.54334000000000005
0.88149999999999995
0.87026000000000003
0.6139
0.82720000000000005
0.94574000000000003
0.95221999999999996
0.95433999999999997
0.95794000000000001
0.96575999999999995
0.97699999999999998
0.96267999999999998
0.98602000000000001
0.97565999999999997
0.98085999999999995
0.99024000000000001
0.98531999999999997
0.98041999999999996
0.98846000000000001
0.98196000000000006
0.99334
0.98882000000000003
0.99643999999999999
0.99653999999999998
0.99556
0.99831999999999999
0.99619999999999997
0.99722
0.99560000000000004
0.99694000000000005
0.99414000000000002
0.99575999999999998
0.97255999999999998
0.99565999999999999
0.99883999999999995
0.99812000000000001
0.99009999999999998
0.99507999999999996
0.99819999999999998
0.99858000000000002
0.98865999999999998
0.99926000000000004
0.99936000000000003
0.99953999999999998
0.99994000000000005
0.99997999999999998
0.99997999999999998
0.99997999999999998
0.99997999999999998
0.99997999999999998
0.99997999999999998
0.99997999999999998
0.99997999999999998
0.99997999999999998
0.99997999999999998
0.99997999999999998
0.99997999999999998
0.99997999999999998
0.99997999999999998
0.99997999999999998
0.99997999999999998
0.99997999999999998
0.99997999999999998
0.99997999999999998
0.99997999999999998
0.99997999999999998
0.99997999999999998
0.99997999999999998
0.99997999999999998
0.99997999999999998
0.99997999999999998
0.99997999999999998
0.99997999999999998
0.99997999999999998
0.99997999999999998
0.99997999999999998
1
1
1
1
1
1
1
1
1
1
1
1
1
1
1
1
1
1
1
1
1
1
1
1
1
1
1
1
1
1
1
1
1
1
1
1
1
1
1
1
1
1
1
1
1
1
1
1
1
1
1
1
1
1
1
1
1
1
1
1
1
1
1
1
1
1
1
1
1
1
1
1
1
1
1
1
1
1
1
1
1
1
1
1
1
1
1
1
1
1
1
1
1
1
1
1
1
1
1
1
1
1
1
1
1
1
1
1
1
1
1
1
1
1
1
1
1
1
1
1
1
