0.2172
0.54235999999999995
0.79296
0.85353999999999997
0.57642000000000004
0.37680000000000002
0.83562000000000003
0.92071999999999998
0.93374000000000001
0.92712000000000006
0.90886
0.96962000000000004
0.96345999999999998
0.97185999999999995
0.97514000000000001
0.97965999999999998
0.69420000000000004
0.98165999999999998
0.9819
0.98368
0.98107999999999995
0.98621999999999999
0.99326000000000003
0.99775999999999998
0.98699999999999999
0.99516000000000004
0.99717999999999996
0.99824000000000002
0.99675999999999998
0.99428000000000005
0.99612000000000001
0.99250000000000005
0.99441999999999997
0.99602000000000002
0.99865999999999999
0.99951999999999996
0.99639999999999995
0.99424000000000001
0.99348000000000003
0.99292000000000002
0.99860000000000004
0.99978
0.99995999999999996
0.99997999999999998
0.99997999999999998
0.99997999999999998
0.99997999999999998
0.99997999999999998
0.99997999999999998
0.99997999999999998
0.99997999999999998
0.99997999999999998
0.99997999999999998
0.99995999999999996
0.99995999999999996
0.99995999999999996
0.99995999999999996
0.99995999999999996
0.99995999999999996
0.99995999999999996
0.99995999999999996
0.99997999999999998
0.99997999999999998
0.99997999999999998
0.99997999999999998
0.99997999999999998
0.99997999999999998
0.99997999999999998
0.99997999999999998
0.99997999999999998
0.99997999999999998
0.99997999999999998
0.99997999999999998
0.99997999999999998
0.99997999999999998
0.99997999999999998
0.99997999999999998
0.99997999999999998
0.99997999999999998
0.99997999999999998
0.99997999999999998
0.99997999999999998
0.99997999999999998
0.99997999999999998
0.99997999999999998
0.99997999999999998
0.99997999999999998
0.99997999999999998
0.99997999999999998
0.99997999999999998
0.99997999999999998
0.99997999999999998
0.99997999999999998
1
1
1
1
1
1
1
1
1
1
1
1
1
1
1
1
1
1
1
1
1
1
1
1
1
1
1
1
1
1
1
1
1
1
1
1
1
1
1
1
1
1
1
1
1
1
1
1
1
1
1
1
1
1
1
1
1
1
1
1
1
1
1
1
1
1
1
1
1
1
1
1
1
1
1
1
1
1
1
1
1
1
1
1
1
1
1
1
1
1
1
1
1
1
1
1
1
1
1
1
1
1
1
1
1
1
1
