0.13089999999999999
0.58145999999999998
0.80327999999999999
0.72636000000000001
0.43234
0.46257999999999999
0.2863
0.90146000000000004
0.93433999999999995
0.92488000000000004
0.96474000000000004
0.95542000000000005
0.94244000000000006
0.96306000000000003
0.98092000000000001
0.98384000000000005
0.98528000000000004
0.98163999999999996
0.97516000000000003
0.98768
0.99361999999999995
0.99029999999999996
0.99363999999999997
0.96887999999999996
0.98943999999999999
0.97255999999999998
0.99653999999999998
0.99639999999999995
0.98612
0.99380000000000002
0.99729999999999996
0.99661999999999995
0.99414000000000002
0.99602000000000002
0.98797999999999997
0.99902000000000002
0.99773999999999996
0.99994000000000005
0.99994000000000005
0.99994000000000005
0.99994000000000005
0.99995999999999996
0.99995999999999996
0.99995999999999996
0.99995999999999996
0.99995999999999996
0.99995999999999996
0.99995999999999996
0.99995999999999996
0.99995999999999996
0.99995999999999996
0.99995999999999996
0.99995999999999996
0.99995999999999996
0.99995999999999996
0.99995999999999996
0.99995999999999996
0.99995999999999996
0.99995999999999996
0.99995999999999996
0.99995999999999996
0.99995999999999996
0.99995999999999996
0.99995999999999996
0.99995999999999996
0.99995999999999996
0.99995999999999996
0.99995999999999996
0.99995999999999996
0.99995999999999996
0.99995999999999996
0.99995999999999996
0.99995999999999996
0.99995999999999996
0.99995999999999996
0.99995999999999996
0.99995999999999996
0.99995999999999996
0.99995999999999996
0.99997999999999998
0.99997999999999998
0.99997999999999998
0.99997999999999998
0.99997999999999998
0.99997999999999998
0.99997999999999998
0.99997999999999998
0.99997999999999998
0.99997999999999998
0.99997999999999998
0.99997999999999998
0.99997999999999998
0.99997999999999998
0.99997999999999998
0.99997999999999998
0.99997999999999998
0.99997999999999998
0.99997999999999998
0.99997999999999998
0.99997999999999998
0.99997999999999998
0.99997999999999998
0.99997999999999998
0.99997999999999998
0.99997999999999998
0.99997999999999998
0.99997999999999998
0.99997999999999998
0.99997999999999998
0.99997999999999998
0.99997999999999998
0.99997999999999998
0.99997999999999998
0.99997999999999998
0.99997999999999998
0.99997999999999998
0.99997999999999998
0.99997999999999998
0.99997999999999998
0.99997999999999998
0.99997999999999998
0.99997999999999998
0.99997999999999998
0.99997999999999998
0.99997999999999998
0.99997999999999998
0.99997999999999998
0.99997999999999998
0.99997999999999998
0.99997999999999998
0.99997999999999998
0.99997999999999998
0.99997999999999998
0.99997999999999998
0.99997999999999998
0.99997999999999998
0.99997999999999998
0.99997999999999998
0.99997999999999998
0.99997999999999998
0.99997999999999998
0.99997999999999998
0.99997999999999998
0.99997999999999998
0.99997999999999998
0.99997999999999998
0.99997999999999998
0.99997999999999998
0.99997999999999998
0.99997999999999998
0.99997999999999998
0.99997999999999998
0.99997999999999998
0.99997999999999998
0.99997999999999998
0.99997999999999998
0.99997999999999998
0.99997999999999998
0.99997999999999998
0.99997999999999998
0.99997999999999998
0.99997999999999998
0.99997999999999998
0.99997999999999998
0.99997999999999998
0.99997999999999998
0.99997999999999998
0.99997999999999998
0.99997999999999998
0.99997999999999998
0.99997999999999998
0.99997999999999998
0.99997999999999998
0.99997999999999998
0.99997999999999998
0.99997999999999998
0.99997999999999998
0.99997999999999998
0.99997999999999998
0.99997999999999998
0.99997999999999998
0.99997999999999998
0.99997999999999998
0.99997999999999998
0.99997999999999998
0.99997999999999998
0.99997999999999998
0.99997999999999998
0.99997999999999998
0.99997999999999998
0.99997999999999998
0.99997999999999998
0.99997999999999998
0.99997999999999998
0.99997999999999998
0.99997999999999998
0.99997999999999998
0.99997999999999998
0.99997999999999998
0.99997999999999998
