7.419200000000000239e-01
8.399600000000000399e-01
8.435200000000000475e-01
8.671600000000000419e-01
9.060399999999999565e-01
9.211200000000000498e-01
9.105600000000000360e-01
9.280800000000000161e-01
9.357600000000000362e-01
9.467999999999999750e-01
9.270399999999999752e-01
9.375599999999999490e-01
9.504799999999999915e-01
9.655200000000000449e-01
9.536400000000000432e-01
8.977199999999999624e-01
9.878400000000000514e-01
9.892400000000000082e-01
9.898000000000000131e-01
9.949999999999999956e-01
9.876399999999999624e-01
9.892800000000000482e-01
9.931200000000000028e-01
9.848799999999999777e-01
9.849200000000000177e-01
9.907599999999999740e-01
9.863199999999999745e-01
9.881999999999999673e-01
9.909599999999999520e-01
9.999599999999999600e-01
