7.240400000000000169e-01
8.079199999999999715e-01
8.646000000000000352e-01
8.772400000000000198e-01
8.901599999999999513e-01
9.169599999999999973e-01
8.920400000000000551e-01
9.074799999999999534e-01
9.422800000000000065e-01
9.567200000000000149e-01
9.589600000000000346e-01
9.588799999999999546e-01
9.571199999999999708e-01
9.803600000000000092e-01
9.673599999999999977e-01
9.808799999999999741e-01
9.909200000000000230e-01
9.958000000000000185e-01
9.967200000000000504e-01
9.978000000000000203e-01
9.959999999999999964e-01
9.984800000000000342e-01
9.949200000000000266e-01
9.895599999999999952e-01
9.933199999999999807e-01
9.995199999999999640e-01
9.974800000000000333e-01
9.996800000000000130e-01
9.998000000000000220e-01
9.993600000000000261e-01
