7.860399999999999610e-01
8.410400000000000098e-01
8.605199999999999516e-01
8.944800000000000528e-01
9.023999999999999799e-01
9.143599999999999506e-01
9.211599999999999788e-01
9.312000000000000277e-01
9.430399999999999894e-01
9.548799999999999510e-01
9.568400000000000238e-01
9.620400000000000063e-01
9.231599999999999806e-01
9.699999999999999734e-01
9.690400000000000125e-01
9.521199999999999664e-01
9.874399999999999844e-01
9.816399999999999570e-01
9.873199999999999754e-01
9.909999999999999920e-01
9.903199999999999781e-01
9.923199999999999799e-01
9.727599999999999580e-01
9.864000000000000545e-01
9.993600000000000261e-01
9.957200000000000495e-01
1.000000000000000000e+00
1.000000000000000000e+00
1.000000000000000000e+00
1.000000000000000000e+00
