7.861200000000000410e-01
8.314399999999999569e-01
8.669999999999999929e-01
8.872799999999999576e-01
9.020000000000000240e-01
9.102400000000000491e-01
9.191200000000000481e-01
9.367199999999999971e-01
9.417999999999999705e-01
9.578799999999999537e-01
9.567999999999999838e-01
9.595200000000000395e-01
9.375599999999999490e-01
9.738400000000000389e-01
9.617200000000000193e-01
9.740400000000000169e-01
9.885199999999999543e-01
9.928000000000000158e-01
9.620800000000000463e-01
9.074799999999999534e-01
9.921600000000000419e-01
9.981600000000000472e-01
9.971999999999999753e-01
9.936800000000000077e-01
9.976000000000000423e-01
9.921999999999999709e-01
9.978799999999999892e-01
9.993199999999999861e-01
9.996399999999999730e-01
9.999200000000000310e-01
