6.939600000000000213e-01
7.959600000000000009e-01
8.690400000000000347e-01
8.816800000000000193e-01
9.070399999999999574e-01
9.034400000000000208e-01
9.287999999999999590e-01
9.265200000000000102e-01
9.328400000000000025e-01
9.508799999999999475e-01
9.397999999999999687e-01
9.505599999999999605e-01
9.698400000000000354e-01
9.536400000000000432e-01
9.290399999999999769e-01
9.745599999999999818e-01
9.794800000000000173e-01
9.899599999999999511e-01
9.849200000000000177e-01
9.963600000000000234e-01
9.943999999999999506e-01
9.967200000000000504e-01
9.979999999999999982e-01
9.991600000000000481e-01
9.983600000000000252e-01
9.988799999999999901e-01
9.996800000000000130e-01
9.999200000000000310e-01
9.998799999999999910e-01
1.000000000000000000e+00
