0.9086500000000000
0.9371333333969116
0.9508666666666666
0.9592666666984558
0.9645000000317892
0.9681666666984559
0.9709833333651224
0.9732166666984559
0.9753500000317892
0.9770500000317891
0.9786166667302449
0.9796166667302449
0.9804000000635783
0.9811833333969117
0.9818500000635783
0.9824166667302450
0.9830166667302449
0.9835000000635783
0.9839166667302449
0.9844166667302450
0.9849000000635783
0.9852833333969117
0.9856166667302450
0.9860000000635782
0.9862500000635783
0.9864333333969116
0.9866333333969116
0.9867833333969116
0.9870000000635782
0.9872500000635783
0.9875000000635783
0.9878000000635783
0.9880833333969116
0.9882500000635783
0.9885333333969116
0.9887333333969116
0.9888166667302449
0.9888833333969116
0.9891000000635782
0.9892333333969117
0.9893500000635783
0.9895500000635783
0.9896000000635783
0.9898166667302449
0.9899666667302449
0.9900666667302449
0.9901500000635783
0.9902833333969117
0.9903666667302450
0.9904333333969116
0.9905666667302450
0.9906833333969116
0.9907833333969116
0.9908000000635783
0.9908833333969116
0.9910500000635782
0.9911166667302449
0.9912166667302450
0.9912666667302450
0.9913833333969116
0.9915166667302450
0.9915500000635783
0.9917166667302449
0.9918500000635783
0.9919166667302449
0.9920666667302449
0.9922166667302450
0.9924000000635783
0.9924666667302450
0.9924500000635783
0.9925500000635783
0.9926833333969116
0.9927000000635783
0.9927666667302449
0.9928166667302449
0.9929333333969116
0.9930333333969116
0.9930666667302449
0.9931666667302450
0.9932166667302450
0.9933000000635783
0.9934000000635783
0.9934333333969116
0.9935166667302450
0.9935833333969116
0.9936500000635783
0.9937000000635783
0.9937500000635783
0.9938166667302449
0.9938166667302449
0.9938166667302449
0.9938833333969116
0.9939333333969116
0.9939833333969116
0.9940166667302449
0.9940666667302449
0.9941333333969116
0.9941666667302450
0.9941833333969117
0.9942333333969117
0.9942666667302450
0.9942833333969117
0.9943333333969117
0.9943833333969117
0.9944166667302450
0.9944666667302450
0.9945000000635783
0.9946166667302450
0.9946833333969116
0.9947166667302449
0.9947500000635783
0.9947666667302449
0.9948000000635783
0.9948000000635783
0.9948666667302449
0.9949000000635783
0.9949500000635783
0.9949500000635783
0.9949500000635783
0.9949500000635783
0.9950166667302449
0.9950333333969116
0.9950833333969116
0.9951000000635782
0.9951666667302450
0.9952166667302450
0.9952333333969117
0.9953000000635783
0.9953833333969117
0.9954500000635783
0.9954833333969116
0.9954833333969116
0.9955333333969116
0.9956333333969116
0.9956500000635783
0.9956666667302450
0.9957000000635783
0.9957833333969116
0.9958000000635783
0.9958500000635783
0.9958833333969116
0.9959000000635783
0.9959500000635783
0.9959833333969116
0.9960333333969116
0.9960000000635783
0.9960500000635782
0.9960666667302449
0.9960666667302449
0.9960500000635782
0.9961166667302449
0.9961500000635782
0.9962000000635783
0.9962000000635783
0.9962500000635783
0.9963500000635783
0.9963500000635783
0.9964000000635783
0.9964666667302450
0.9965166667302450
0.9965666667302450
0.9965833333969116
0.9965833333969116
0.9966333333969116
0.9966500000635783
0.9966500000635783
0.9966333333969116
0.9967000000635783
0.9967000000635783
0.9967333333969116
0.9967500000635783
0.9968000000635783
0.9968166667302449
0.9968500000635783
0.9969000000635783
0.9969166667302449
0.9969500000635783
0.9969666667302449
0.9969833333969116
0.9970000000635783
0.9970166667302449
0.9970333333969116
0.9970666667302449
0.9970666667302449
0.9970833333969116
0.9971000000635782
0.9971000000635782
0.9971000000635782
0.9971666667302449
0.9971666667302449
0.9972000000635783
0.9972166667302450
0.9972500000635783
0.9972333333969117
0.9972666667302450
0.9973166667302450
0.9973333333969117
0.9973666667302450
0.9973666667302450
0.9973666667302450
