0.9225666667302449
0.9473333333969116
0.9572000000635783
0.9628166666984558
0.9660500000317891
0.9691833333651225
0.9710166666984558
0.9728666666984558
0.9742833333651225
0.9755000000317892
0.9766833333651225
0.9776500000317891
0.9783500000317892
0.9792000000317892
0.9798333333651225
0.9805333333651225
0.9812333333651225
0.9817166666984558
0.9821833333651224
0.9827166666984558
0.9833000000317892
0.9837333333651225
0.9842500000635783
0.9846333333969116
0.9849333333969116
0.9853666667302450
0.9856833333969116
0.9858833333969116
0.9861000000635783
0.9863000000635783
0.9865333333969116
0.9867500000635783
0.9868666667302449
0.9872666667302450
0.9875666667302450
0.9878500000635783
0.9880500000635782
0.9881666667302450
0.9882333333969117
0.9884833333969116
0.9886833333969116
0.9888333333969116
0.9890333333969116
0.9890833333969116
0.9892833333969117
0.9893000000635783
0.9894666667302450
0.9895666667302450
0.9896833333969116
0.9897666667302449
0.9898333333969116
0.9899333333969116
0.9899666667302449
0.9900666667302449
0.9902000000635783
0.9902500000635783
0.9903500000635783
0.9904666667302450
0.9906000000635783
0.9906833333969116
0.9908833333969116
0.9909333333969116
0.9910000000635782
0.9910666667302449
0.9911833333969117
0.9913166667302450
0.9913833333969116
0.9914166667302450
0.9915166667302450
0.9916000000635783
0.9916500000635783
0.9917333333969116
0.9918500000635783
0.9918833333969116
0.9919666667302449
0.9920333333969116
0.9920833333969116
0.9921166667302449
0.9921833333969117
0.9923000000635783
0.9923666667302450
0.9923833333969116
0.9924833333969116
0.9925500000635783
0.9926333333969116
0.9926833333969116
0.9927333333969116
0.9928333333969116
0.9928333333969116
0.9929000000635783
0.9929666667302449
0.9930166667302449
0.9930500000635782
0.9931000000635782
0.9931833333969117
0.9932500000635783
0.9933166667302450
0.9933666667302450
0.9934000000635783
0.9934666667302450
0.9935166667302450
0.9935500000635783
0.9935833333969116
0.9935833333969116
0.9936333333969116
0.9936833333969116
0.9937333333969116
0.9938000000635783
0.9938500000635783
0.9939000000635783
0.9939666667302449
0.9940333333969116
0.9940833333969116
0.9941666667302450
0.9942166667302450
0.9943000000635783
0.9943333333969117
0.9943500000635783
0.9944000000635783
0.9944333333969116
0.9944500000635783
0.9944666667302450
0.9945000000635783
0.9945166667302450
0.9945666667302450
0.9946166667302450
0.9947000000635783
0.9947333333969116
0.9947666667302449
0.9947833333969116
0.9948166667302449
0.9948166667302449
0.9948500000635783
0.9949166667302449
0.9949833333969116
0.9950166667302449
0.9950500000635782
0.9951166667302449
0.9951833333969117
0.9952166667302450
0.9953000000635783
0.9953166667302450
0.9953666667302450
0.9954000000635783
0.9954000000635783
0.9955333333969116
0.9955500000635783
0.9955833333969116
0.9956166667302450
0.9956500000635783
0.9956666667302450
0.9956833333969116
0.9957166667302449
0.9957333333969116
0.9957500000635783
0.9957833333969116
0.9958166667302449
0.9958333333969116
0.9958333333969116
0.9959166667302449
0.9959333333969116
0.9959833333969116
0.9959833333969116
0.9959833333969116
0.9960166667302449
0.9960333333969116
0.9960833333969116
0.9961000000635782
0.9961333333969116
0.9961500000635782
0.9961500000635782
0.9961666667302450
0.9961666667302450
0.9962000000635783
0.9962333333969117
0.9962666667302450
0.9962833333969117
0.9963000000635783
0.9963000000635783
0.9963000000635783
0.9963666667302450
0.9963666667302450
0.9964000000635783
0.9964333333969116
0.9964833333969116
0.9964666667302450
0.9964833333969116
0.9965333333969116
0.9965500000635783
0.9965666667302450
0.9965833333969116
0.9965833333969116
0.9966166667302450
0.9966500000635783
0.9966666667302450
0.9967166667302449
0.9967333333969116
0.9967833333969116
0.9968000000635783
0.9968000000635783
