0.9177500000317892
0.9435166667302449
0.9547000000635782
0.9610000000635783
0.9648166667302449
0.9677666666666667
0.9703500000317892
0.9721666667302450
0.9735666667302449
0.9747833333969116
0.9759166667302449
0.9769500000635782
0.9778500000635783
0.9785500000635783
0.9793666667302450
0.9800666667302450
0.9805833333969116
0.9812666667302450
0.9818666667302449
0.9825833333969116
0.9831000000635783
0.9834500000635783
0.9838166667302449
0.9842166667302450
0.9844166667302450
0.9847333333969116
0.9850833333969117
0.9853833333969116
0.9855833333969116
0.9858666667302449
0.9861000000635783
0.9863833333969116
0.9866500000635783
0.9869666667302449
0.9872166667302450
0.9875000000635783
0.9877333333969116
0.9878833333969116
0.9881500000635783
0.9884000000635783
0.9885000000635783
0.9886500000635783
0.9888333333969116
0.9891833333969117
0.9894000000635783
0.9895500000635783
0.9896333333969116
0.9898500000635783
0.9900333333969116
0.9901333333969117
0.9901666667302450
0.9902833333969117
0.9904666667302450
0.9906666667302449
0.9907666667302449
0.9908500000635783
0.9909166667302449
0.9910000000635782
0.9911500000635783
0.9911666667302450
0.9913333333969117
0.9914166667302450
0.9915000000635783
0.9916166667302450
0.9917000000635783
0.9918166667302449
0.9919000000635783
0.9919500000635783
0.9919833333969116
0.9921166667302449
0.9921666667302450
0.9923000000635783
0.9923166667302450
0.9923333333969117
0.9924000000635783
0.9924833333969116
0.9925500000635783
0.9926000000635783
0.9926166667302450
0.9927166667302449
0.9927333333969116
0.9928666667302449
0.9930000000635782
0.9930666667302449
0.9931166667302449
0.9932166667302450
0.9932500000635783
0.9933000000635783
0.9933333333969117
0.9934000000635783
0.9934500000635783
0.9935166667302450
0.9935666667302450
0.9936166667302450
0.9936500000635783
0.9937000000635783
0.9938166667302449
0.9938833333969116
0.9939166667302449
0.9939833333969116
0.9940333333969116
0.9941000000635782
0.9941333333969116
0.9941833333969117
0.9942500000635783
0.9943000000635783
0.9943333333969117
0.9943833333969117
0.9944666667302450
0.9944666667302450
0.9945000000635783
0.9945333333969116
0.9945500000635783
0.9945833333969116
0.9946166667302450
0.9946833333969116
0.9947500000635783
0.9948000000635783
0.9948833333969116
0.9949500000635783
0.9949833333969116
0.9950000000635782
0.9950833333969116
0.9951166667302449
0.9951333333969116
0.9951833333969117
0.9952166667302450
0.9952666667302450
0.9953166667302450
0.9953666667302450
0.9953833333969117
0.9954333333969116
0.9954333333969116
0.9954833333969116
0.9955000000635783
0.9955000000635783
0.9955333333969116
0.9955500000635783
0.9956166667302450
0.9956666667302450
0.9957333333969116
0.9958000000635783
0.9958333333969116
0.9958833333969116
0.9958833333969116
0.9959166667302449
0.9959500000635783
0.9959833333969116
0.9960166667302449
0.9960333333969116
0.9960666667302449
0.9960833333969116
0.9961000000635782
0.9961000000635782
0.9961166667302449
0.9961166667302449
0.9961666667302450
0.9962000000635783
0.9962000000635783
0.9962000000635783
0.9962166667302450
0.9962333333969117
0.9962333333969117
0.9962500000635783
0.9963000000635783
0.9963166667302450
0.9963500000635783
0.9964000000635783
0.9964500000635783
0.9964666667302450
0.9965000000635783
0.9965333333969116
0.9965666667302450
0.9965833333969116
0.9966000000635783
0.9966166667302450
0.9966166667302450
0.9966333333969116
0.9966833333969116
0.9966833333969116
0.9966833333969116
0.9967333333969116
0.9967166667302449
0.9967666667302449
0.9968000000635783
0.9968000000635783
0.9968166667302449
0.9968500000635783
0.9968666667302449
0.9968833333969116
0.9969000000635783
0.9969166667302449
0.9969500000635783
0.9969833333969116
0.9970666667302449
0.9970500000635782
0.9971000000635782
0.9971166667302449
0.9971166667302449
0.9971166667302449
