0.9140500000000000
0.9430166666666666
0.9546000000000000
0.9614833333333334
0.9661999999999999
0.9695000000000000
0.9720833333333333
0.9740166666984558
0.9757500000317891
0.9771166666984558
0.9782000000317892
0.9792333333651225
0.9801166666984558
0.9809833333651224
0.9815833333651225
0.9822333333969117
0.9827333333969116
0.9834000000635783
0.9838666667302449
0.9842666667302450
0.9846000000635783
0.9849166667302449
0.9852833333969117
0.9856000000635783
0.9859166667302449
0.9862333333969117
0.9864333333969116
0.9867833333969116
0.9869166667302449
0.9871500000635783
0.9872833333969117
0.9874833333969116
0.9877333333969116
0.9878833333969116
0.9880500000635782
0.9882666667302450
0.9884166667302450
0.9885666667302450
0.9887833333969116
0.9889333333969116
0.9890333333969116
0.9891333333969117
0.9891666667302450
0.9893000000635783
0.9894500000635783
0.9895500000635783
0.9897666667302449
0.9898333333969116
0.9899500000635783
0.9899666667302449
0.9900500000635782
0.9901500000635783
0.9902166667302450
0.9903666667302450
0.9905166667302450
0.9906333333969116
0.9907000000635783
0.9907500000635783
0.9908000000635783
0.9910166667302449
0.9911000000635782
0.9912166667302450
0.9914333333969116
0.9914666667302450
0.9915333333969116
0.9916166667302450
0.9916666667302450
0.9917666667302449
0.9918500000635783
0.9918666667302449
0.9920000000635782
0.9921000000635782
0.9921500000635783
0.9921666667302450
0.9922000000635783
0.9922333333969117
0.9922500000635783
0.9923000000635783
0.9924500000635783
0.9924833333969116
0.9925333333969116
0.9926500000635783
0.9927333333969116
0.9927833333969116
0.9928666667302449
0.9928666667302449
0.9929166667302449
0.9929833333969116
0.9930000000635782
0.9930500000635782
0.9931833333969117
0.9932500000635783
0.9933500000635783
0.9933833333969116
0.9934166667302450
0.9934500000635783
0.9934833333969116
0.9935666667302450
0.9936500000635783
0.9936666667302450
0.9937166667302449
0.9937500000635783
0.9937833333969116
0.9938666667302449
0.9939000000635783
0.9939000000635783
0.9939666667302449
0.9939833333969116
0.9940166667302449
0.9940333333969116
0.9940333333969116
0.9940666667302449
0.9940666667302449
0.9940833333969116
0.9940833333969116
0.9941166667302449
0.9941833333969117
0.9942333333969117
0.9943000000635783
0.9943666667302450
0.9944333333969116
0.9944333333969116
0.9945166667302450
0.9945833333969116
0.9946000000635783
0.9946166667302450
0.9946333333969116
0.9946666667302450
0.9947166667302449
0.9947166667302449
0.9947833333969116
0.9947833333969116
0.9948166667302449
0.9948333333969116
0.9948500000635783
0.9948500000635783
0.9948833333969116
0.9949333333969116
0.9949500000635783
0.9949833333969116
0.9950166667302449
0.9950333333969116
0.9950333333969116
0.9951000000635782
0.9951333333969116
0.9952000000635783
0.9952166667302450
0.9952333333969117
0.9952500000635783
0.9952666667302450
0.9952833333969117
0.9953833333969117
0.9954000000635783
0.9954166667302450
0.9954166667302450
0.9954666667302450
0.9955000000635783
0.9955833333969116
0.9956500000635783
0.9956500000635783
0.9956333333969116
0.9956666667302450
0.9957000000635783
0.9957666667302449
0.9957666667302449
0.9958166667302449
0.9958666667302449
0.9959000000635783
0.9959000000635783
0.9959000000635783
0.9959500000635783
0.9959666667302449
0.9959833333969116
0.9960166667302449
0.9960333333969116
0.9960666667302449
0.9960833333969116
0.9960833333969116
0.9961333333969116
0.9961333333969116
0.9961500000635782
0.9961666667302450
0.9961666667302450
0.9962000000635783
0.9962000000635783
0.9962000000635783
0.9962333333969117
0.9963000000635783
0.9963000000635783
0.9963833333969117
0.9964000000635783
0.9964333333969116
0.9965000000635783
0.9965166667302450
0.9965333333969116
0.9965666667302450
0.9965833333969116
0.9966000000635783
0.9965833333969116
0.9966000000635783
