0.9254833333969116
0.9487833333333333
0.9590000000000000
0.9650333333333333
0.9688833333651224
0.9719500000317891
0.9739833333969116
0.9755333333969116
0.9771000000635783
0.9781333333969117
0.9787666667302449
0.9798500000635783
0.9806333333969116
0.9812833333969117
0.9820166667302449
0.9825500000635783
0.9830833333969117
0.9835833333969116
0.9842500000635783
0.9846333333969116
0.9852333333969117
0.9856833333969116
0.9859666667302449
0.9862500000635783
0.9866333333969116
0.9869500000635782
0.9873500000635783
0.9875166667302450
0.9876333333969116
0.9877666667302449
0.9881000000635783
0.9882166667302450
0.9883500000635783
0.9885500000635783
0.9888000000635783
0.9889833333969116
0.9892000000635783
0.9892500000635783
0.9894500000635783
0.9895666667302450
0.9897166667302449
0.9897833333969116
0.9899500000635783
0.9901666667302450
0.9903333333969117
0.9904166667302450
0.9905833333969116
0.9907666667302449
0.9908333333969116
0.9909500000635783
0.9910000000635782
0.9911000000635782
0.9911833333969117
0.9913166667302450
0.9913500000635783
0.9915333333969116
0.9915000000635783
0.9916166667302450
0.9917000000635783
0.9917500000635783
0.9919333333969116
0.9919666667302449
0.9920500000635782
0.9920666667302449
0.9921666667302450
0.9922166667302450
0.9922666667302450
0.9924000000635783
0.9925000000635783
0.9925500000635783
0.9925833333969116
0.9926833333969116
0.9927500000635783
0.9928000000635783
0.9929166667302449
0.9929500000635783
0.9930000000635782
0.9930000000635782
0.9930333333969116
0.9931500000635783
0.9932166667302450
0.9932500000635783
0.9933166667302450
0.9933333333969117
0.9933666667302450
0.9934166667302450
0.9934833333969116
0.9935333333969116
0.9936333333969116
0.9936833333969116
0.9937166667302449
0.9938000000635783
0.9938000000635783
0.9938500000635783
0.9939666667302449
0.9940166667302449
0.9940333333969116
0.9941000000635782
0.9941166667302449
0.9941333333969116
0.9942000000635783
0.9942833333969117
0.9943500000635783
0.9943500000635783
0.9943666667302450
0.9944666667302450
0.9944833333969116
0.9944333333969116
0.9944666667302450
0.9944833333969116
0.9945666667302450
0.9946000000635783
0.9946833333969116
0.9946833333969116
0.9947500000635783
0.9947833333969116
0.9948166667302449
0.9948500000635783
0.9948666667302449
0.9949000000635783
0.9949000000635783
0.9949333333969116
0.9949833333969116
0.9950666667302449
0.9951000000635782
0.9951666667302450
0.9951833333969117
0.9952166667302450
0.9952500000635783
0.9952666667302450
0.9953333333969117
0.9953500000635783
0.9954333333969116
0.9955000000635783
0.9955333333969116
0.9955666667302450
0.9956166667302450
0.9956833333969116
0.9957166667302449
0.9957666667302449
0.9957833333969116
0.9958000000635783
0.9958166667302449
0.9958166667302449
0.9958666667302449
0.9958833333969116
0.9959166667302449
0.9959500000635783
0.9959500000635783
0.9959500000635783
0.9959500000635783
0.9959833333969116
0.9960000000635783
0.9960166667302449
0.9960333333969116
0.9960166667302449
0.9960166667302449
0.9960333333969116
0.9960500000635782
0.9960666667302449
0.9960833333969116
0.9961500000635782
0.9961833333969117
0.9962666667302450
0.9962666667302450
0.9962833333969117
0.9963166667302450
0.9964000000635783
0.9964333333969116
0.9964833333969116
0.9965333333969116
0.9965500000635783
0.9965833333969116
0.9966333333969116
0.9966166667302450
0.9966500000635783
0.9966833333969116
0.9967333333969116
0.9967500000635783
0.9967500000635783
0.9967333333969116
0.9967500000635783
0.9967666667302449
0.9968166667302449
0.9968333333969116
0.9968333333969116
0.9969000000635783
0.9969000000635783
0.9969000000635783
0.9969166667302449
0.9969666667302449
0.9970000000635783
0.9970000000635783
0.9970833333969116
0.9970833333969116
0.9970833333969116
0.9971166667302449
0.9971500000635782
0.9971500000635782
0.9971666667302449
