0.92303333333333337
0.94864999999999999
0.95841666666666669
0.96388333333333331
0.96755000000000002
0.97030000000000005
0.97228333333333339
0.97381666666666666
0.97540000000000004
0.97665000000000002
0.97771666666666668
0.97871666666666668
0.9795166666666667
0.98035000000000005
0.98094999999999999
0.98134999999999994
0.98178333333333334
0.98229999999999995
0.98273333333333335
0.98319999999999996
0.98361666666666669
0.98398333333333332
0.98426666666666662
0.98458333333333337
0.9849
0.98521666666666663
0.98546666666666671
0.98573333333333335
0.98596666666666666
0.98633333333333328
0.9866166666666667
0.9869
0.98704999999999998
0.98714999999999997
0.98728333333333329
0.98736666666666661
0.9875666666666667
0.98763333333333336
0.98783333333333334
0.98806666666666665
0.98819999999999997
0.98834999999999995
0.98841666666666672
0.98853333333333337
0.98853333333333337
0.98871666666666669
0.98888333333333334
0.98898333333333333
0.98908333333333331
0.98919999999999997
0.98929999999999996
0.98943333333333339
0.98960000000000004
0.98976666666666668
0.98981666666666668
0.98995
0.99001666666666666
0.99029999999999996
0.99045000000000005
0.99053333333333338
0.99065000000000003
0.99078333333333335
0.99086666666666667
0.99098333333333333
0.99104999999999999
0.99108333333333332
0.99118333333333331
0.99128333333333329
0.99143333333333339
0.99151666666666671
0.99156666666666671
0.99170000000000003
0.99176666666666669
0.9919
0.99198333333333333
0.99208333333333332
0.99216666666666664
0.99221666666666664
0.99238333333333328
0.99243333333333328
0.99248333333333338
0.99251666666666671
0.9926166666666667
0.99270000000000003
0.99275000000000002
0.99278333333333335
0.99291666666666667
0.99293333333333333
0.99309999999999998
0.99316666666666664
0.99324999999999997
0.99334999999999996
0.99338333333333328
0.99346666666666672
0.99351666666666671
0.99355000000000004
0.99363333333333337
0.99365000000000003
0.9936666666666667
0.99370000000000003
0.99376666666666669
0.99383333333333335
0.99386666666666668
0.99390000000000001
0.99398333333333333
0.99403333333333332
0.99408333333333332
0.99409999999999998
0.99413333333333331
0.99413333333333331
0.99418333333333331
0.9942333333333333
0.99429999999999996
0.99439999999999995
0.99441666666666662
0.99441666666666662
0.99443333333333328
0.99446666666666672
0.99448333333333339
0.99451666666666672
0.99455000000000005
0.99456666666666671
0.9946166666666667
0.99465000000000003
0.99470000000000003
0.99473333333333336
0.99476666666666669
0.99473333333333336
0.99478333333333335
0.99483333333333335
0.99483333333333335
0.99491666666666667
0.99493333333333334
0.99496666666666667
0.995
0.99503333333333333
0.99504999999999999
0.99509999999999998
0.99509999999999998
0.99513333333333331
0.99514999999999998
0.99519999999999997
0.99521666666666664
0.99526666666666663
0.99533333333333329
0.99536666666666662
0.99544999999999995
0.99544999999999995
0.99544999999999995
0.99544999999999995
0.99548333333333339
0.99548333333333339
0.99550000000000005
0.99553333333333338
0.99558333333333338
0.99561666666666671
0.99563333333333337
0.99565000000000003
0.99568333333333336
0.99573333333333336
0.99573333333333336
0.99578333333333335
0.99576666666666669
0.99578333333333335
0.99581666666666668
0.99583333333333335
0.99585000000000001
0.99590000000000001
0.99598333333333333
0.99601666666666666
0.99601666666666666
0.99604999999999999
0.99608333333333332
0.99614999999999998
0.99619999999999997
0.99619999999999997
0.9962833333333333
0.99631666666666663
0.99633333333333329
0.99636666666666662
0.99638333333333329
0.99639999999999995
0.99641666666666662
0.99641666666666662
0.99643333333333328
0.99644999999999995
0.99648333333333339
0.99648333333333339
0.99650000000000005
0.99653333333333338
0.99653333333333338
0.99655000000000005
0.99655000000000005
0.99655000000000005
0.99655000000000005
0.99655000000000005
0.99655000000000005
0.99655000000000005
0.99655000000000005
0.99663333333333337
