0.92663333333333331
0.95046666666666668
0.96091666666666664
0.96676666666666666
0.97051666666666669
0.97303333333333331
0.97550000000000003
0.97696666666666665
0.97843333333333338
0.97948333333333337
0.98024999999999995
0.98124999999999996
0.98214999999999997
0.98273333333333335
0.98314999999999997
0.9835666666666667
0.98423333333333329
0.98453333333333337
0.98506666666666665
0.98543333333333338
0.98575000000000002
0.98619999999999997
0.98658333333333337
0.98685
0.98713333333333331
0.98738333333333328
0.98755000000000004
0.98788333333333334
0.98811666666666664
0.98831666666666662
0.9885666666666667
0.98871666666666669
0.98896666666666666
0.98921666666666663
0.98936666666666662
0.98950000000000005
0.98965000000000003
0.98995
0.99013333333333331
0.99029999999999996
0.99043333333333339
0.99058333333333337
0.99075000000000002
0.99093333333333333
0.99099999999999999
0.99106666666666665
0.99121666666666663
0.99129999999999996
0.99133333333333329
0.99143333333333339
0.99156666666666671
0.9916166666666667
0.99171666666666669
0.99176666666666669
0.99191666666666667
0.99198333333333333
0.99204999999999999
0.99214999999999998
0.99224999999999997
0.99236666666666662
0.99246666666666672
0.99255000000000004
0.99270000000000003
0.99280000000000002
0.9929
0.99299999999999999
0.99306666666666665
0.99309999999999998
0.99313333333333331
0.99319999999999997
0.99326666666666663
0.99334999999999996
0.99338333333333328
0.99339999999999995
0.99341666666666661
0.99348333333333338
0.99356666666666671
0.9936166666666667
0.99368333333333336
0.99380000000000002
0.99383333333333335
0.99388333333333334
0.99399999999999999
0.99416666666666664
0.9942333333333333
0.9942833333333333
0.99436666666666662
0.99443333333333328
0.99450000000000005
0.99453333333333338
0.99455000000000005
0.99460000000000004
0.99465000000000003
0.99480000000000002
0.99490000000000001
0.99493333333333334
0.99506666666666665
0.99509999999999998
0.99511666666666665
0.99509999999999998
0.99511666666666665
0.99516666666666664
0.99516666666666664
0.99519999999999997
0.9952833333333333
0.99531666666666663
0.99536666666666662
0.99541666666666662
0.99546666666666672
0.99556666666666671
0.99556666666666671
0.99556666666666671
0.99556666666666671
0.99555000000000005
0.99555000000000005
0.99556666666666671
0.99558333333333338
0.99561666666666671
0.99565000000000003
0.99570000000000003
0.99576666666666669
0.99580000000000002
0.99586666666666668
0.99586666666666668
0.99590000000000001
0.99591666666666667
0.99596666666666667
0.99601666666666666
0.99604999999999999
0.99608333333333332
0.99608333333333332
0.99609999999999999
0.99611666666666665
0.99613333333333332
0.99613333333333332
0.99614999999999998
0.99614999999999998
0.99618333333333331
0.9962333333333333
0.99624999999999997
0.9962833333333333
0.99631666666666663
0.99633333333333329
0.99633333333333329
0.99638333333333329
0.99641666666666662
0.99641666666666662
0.99644999999999995
0.99646666666666661
0.99648333333333339
0.99648333333333339
0.99651666666666672
0.99651666666666672
0.99653333333333338
0.99656666666666671
0.99656666666666671
0.99658333333333338
0.99658333333333338
0.99661666666666671
0.99661666666666671
0.99663333333333337
0.99663333333333337
0.99668333333333337
0.99670000000000003
0.99670000000000003
0.9967166666666667
0.99675000000000002
0.99675000000000002
0.99676666666666669
0.99678333333333335
0.99678333333333335
0.99678333333333335
0.99683333333333335
0.99683333333333335
0.99683333333333335
0.99686666666666668
0.99691666666666667
0.99693333333333334
0.99691666666666667
0.99696666666666667
0.99698333333333333
0.99698333333333333
0.997
0.997
0.99706666666666666
0.99708333333333332
0.99713333333333332
0.99714999999999998
0.99716666666666665
0.99721666666666664
0.9972333333333333
0.99721666666666664
0.99726666666666663
0.9972833333333333
0.99729999999999996
0.99731666666666663
0.99731666666666663
0.99734999999999996
0.99734999999999996
0.99739999999999995
