0.91064999999999996
0.94141666666666668
0.95525000000000004
0.9624166666666667
0.96761666666666668
0.97063333333333335
0.97303333333333331
0.9748
0.97633333333333339
0.97750000000000004
0.9785166666666667
0.97938333333333338
0.98011666666666664
0.98088333333333333
0.98165000000000002
0.98229999999999995
0.98306666666666664
0.98360000000000003
0.98404999999999998
0.98445000000000005
0.98496666666666666
0.98531666666666662
0.98560000000000003
0.98594999999999999
0.98628333333333329
0.98645000000000005
0.98670000000000002
0.98693333333333333
0.98706666666666665
0.98738333333333328
0.98758333333333337
0.98783333333333334
0.98803333333333332
0.98831666666666662
0.98853333333333337
0.98865000000000003
0.98870000000000002
0.98885000000000001
0.98899999999999999
0.98924999999999996
0.98938333333333328
0.98956666666666671
0.98975000000000002
0.98985000000000001
0.98996666666666666
0.99008333333333332
0.99029999999999996
0.99046666666666672
0.99063333333333337
0.99073333333333335
0.99080000000000001
0.99083333333333334
0.99095
0.99106666666666665
0.9912333333333333
0.99139999999999995
0.99156666666666671
0.99165000000000003
0.99171666666666669
0.99181666666666668
0.99193333333333333
0.99201666666666666
0.99211666666666665
0.99219999999999997
0.99226666666666663
0.99229999999999996
0.99231666666666662
0.99245000000000005
0.99256666666666671
0.99263333333333337
0.99273333333333336
0.99281666666666668
0.99288333333333334
0.99295
0.99301666666666666
0.99308333333333332
0.99311666666666665
0.99321666666666664
0.9932333333333333
0.99324999999999997
0.99338333333333328
0.99346666666666672
0.99348333333333338
0.99353333333333338
0.99355000000000004
0.9936166666666667
0.99376666666666669
0.99380000000000002
0.99386666666666668
0.99391666666666667
0.99395
0.99398333333333333
0.99404999999999999
0.99408333333333332
0.99413333333333331
0.99421666666666664
0.99426666666666663
0.9942833333333333
0.99433333333333329
0.99436666666666662
0.99438333333333329
0.99439999999999995
0.99451666666666672
0.99458333333333337
0.99463333333333337
0.99471666666666669
0.99473333333333336
0.99475000000000002
0.99476666666666669
0.99480000000000002
0.99483333333333335
0.99493333333333334
0.99496666666666667
0.995
0.99501666666666666
0.99504999999999999
0.99513333333333331
0.99519999999999997
0.9952333333333333
0.99526666666666663
0.99534999999999996
0.99538333333333329
0.99541666666666662
0.99548333333333339
0.99553333333333338
0.99558333333333338
0.99561666666666671
0.99565000000000003
0.99576666666666669
0.99578333333333335
0.99580000000000002
0.99583333333333335
0.99590000000000001
0.99591666666666667
0.99596666666666667
0.99601666666666666
0.99601666666666666
0.99603333333333333
0.99611666666666665
0.99611666666666665
0.99613333333333332
0.99616666666666664
0.99616666666666664
0.99614999999999998
0.99614999999999998
0.99616666666666664
0.99616666666666664
0.99619999999999997
0.99626666666666663
0.99631666666666663
0.99636666666666662
0.99641666666666662
0.99641666666666662
0.99646666666666661
0.99650000000000005
0.99655000000000005
0.99658333333333338
0.99665000000000004
0.99670000000000003
0.99673333333333336
0.99678333333333335
0.99678333333333335
0.99678333333333335
0.99680000000000002
0.99681666666666668
0.99686666666666668
0.99686666666666668
0.99688333333333334
0.99693333333333334
0.99693333333333334
0.99696666666666667
0.997
0.99701666666666666
0.99703333333333333
0.99704999999999999
0.99709999999999999
0.99713333333333332
0.99714999999999998
0.99714999999999998
0.99721666666666664
0.99721666666666664
0.99721666666666664
0.99721666666666664
0.99724999999999997
0.99724999999999997
0.99726666666666663
0.9972833333333333
0.99729999999999996
0.99729999999999996
0.99731666666666663
0.99733333333333329
0.99734999999999996
0.99739999999999995
0.99743333333333328
0.99743333333333328
0.99741666666666662
0.99743333333333328
0.99743333333333328
0.99744999999999995
0.99743333333333328
