0.90023333333333333
0.93121666666666669
0.94653333333333334
0.95523333333333338
0.96081666666666665
0.96506666666666663
0.96833333333333338
0.97086666666666666
0.97276666666666667
0.9744666666666667
0.97556666666666669
0.97699999999999998
0.9780833333333333
0.97893333333333332
0.97981666666666667
0.9805166666666667
0.98145000000000004
0.98204999999999998
0.98270000000000002
0.98328333333333329
0.98399999999999999
0.98428333333333329
0.9849
0.98524999999999996
0.9855666666666667
0.98596666666666666
0.98628333333333329
0.9865666666666667
0.98691666666666666
0.98716666666666664
0.98745000000000005
0.98768333333333336
0.98798333333333332
0.98829999999999996
0.98860000000000003
0.98878333333333335
0.98896666666666666
0.98914999999999997
0.98936666666666662
0.98951666666666671
0.98973333333333335
0.98985000000000001
0.98991666666666667
0.98998333333333333
0.99011666666666664
0.99024999999999996
0.99033333333333329
0.99045000000000005
0.99060000000000004
0.99078333333333335
0.99083333333333334
0.99099999999999999
0.99111666666666665
0.99128333333333329
0.99139999999999995
0.99146666666666672
0.99163333333333337
0.99175000000000002
0.99183333333333334
0.99195
0.99211666666666665
0.99229999999999996
0.99245000000000005
0.99253333333333338
0.99255000000000004
0.9926666666666667
0.99273333333333336
0.99286666666666668
0.9929
0.99308333333333332
0.99311666666666665
0.99319999999999997
0.99321666666666664
0.9932333333333333
0.9932833333333333
0.99331666666666663
0.99336666666666662
0.99341666666666661
0.99346666666666672
0.99353333333333338
0.9936666666666667
0.99371666666666669
0.99378333333333335
0.99383333333333335
0.99386666666666668
0.99390000000000001
0.99393333333333334
0.99396666666666667
0.99396666666666667
0.99399999999999999
0.99403333333333332
0.99406666666666665
0.99409999999999998
0.99411666666666665
0.99419999999999997
0.9942833333333333
0.99426666666666663
0.99429999999999996
0.99436666666666662
0.99436666666666662
0.99441666666666662
0.99443333333333328
0.99451666666666672
0.99455000000000005
0.99456666666666671
0.99456666666666671
0.99463333333333337
0.99460000000000004
0.9946666666666667
0.99465000000000003
0.9946666666666667
0.99473333333333336
0.99473333333333336
0.99478333333333335
0.99481666666666668
0.99481666666666668
0.99486666666666668
0.99486666666666668
0.99490000000000001
0.99493333333333334
0.99496666666666667
0.99501666666666666
0.99506666666666665
0.99511666666666665
0.99508333333333332
0.99511666666666665
0.99513333333333331
0.99514999999999998
0.99521666666666664
0.9952333333333333
0.9952833333333333
0.99531666666666663
0.99536666666666662
0.99541666666666662
0.99546666666666672
0.99550000000000005
0.99556666666666671
0.99558333333333338
0.99563333333333337
0.99565000000000003
0.99573333333333336
0.99575000000000002
0.99581666666666668
0.99583333333333335
0.99585000000000001
0.99586666666666668
0.99595
0.99595
0.99596666666666667
0.996
0.99604999999999999
0.99603333333333333
0.99611666666666665
0.99613333333333332
0.99618333333333331
0.99618333333333331
0.99624999999999997
0.9962333333333333
0.99624999999999997
0.9962833333333333
0.99631666666666663
0.99631666666666663
0.99636666666666662
0.99636666666666662
0.99639999999999995
0.99641666666666662
0.99644999999999995
0.99646666666666661
0.99644999999999995
0.99646666666666661
0.99650000000000005
0.99653333333333338
0.99653333333333338
0.99656666666666671
0.99656666666666671
0.99660000000000004
0.99660000000000004
0.99665000000000004
0.99668333333333337
0.99670000000000003
0.99673333333333336
0.99676666666666669
0.99681666666666668
0.99683333333333335
0.99686666666666668
0.99690000000000001
0.99690000000000001
0.99693333333333334
0.99693333333333334
0.99696666666666667
0.997
0.997
0.99701666666666666
0.99703333333333333
0.99706666666666666
0.99706666666666666
0.99708333333333332
0.99714999999999998
0.99718333333333331
0.99724999999999997
