0.90373333333333339
0.9352166666666667
0.95028333333333337
0.95860000000000001
0.96361666666666668
0.96721666666666661
0.97028333333333339
0.97304999999999997
0.97470000000000001
0.97626666666666662
0.9778
0.97873333333333334
0.97953333333333337
0.98026666666666662
0.9811833333333333
0.98176666666666668
0.98234999999999995
0.98299999999999998
0.98353333333333337
0.98376666666666668
0.98426666666666662
0.98453333333333337
0.98480000000000001
0.98516666666666663
0.9855666666666667
0.98571666666666669
0.98604999999999998
0.98628333333333329
0.98645000000000005
0.98663333333333336
0.98671666666666669
0.98693333333333333
0.98713333333333331
0.98734999999999995
0.98751666666666671
0.98776666666666668
0.98793333333333333
0.98804999999999998
0.98828333333333329
0.98838333333333328
0.98860000000000003
0.98878333333333335
0.98891666666666667
0.98901666666666666
0.98909999999999998
0.98924999999999996
0.98933333333333329
0.98948333333333338
0.98960000000000004
0.98968333333333336
0.98981666666666668
0.98986666666666667
0.99008333333333332
0.99024999999999996
0.99036666666666662
0.99045000000000005
0.99055000000000004
0.9906666666666667
0.99075000000000002
0.99085000000000001
0.99095
0.99111666666666665
0.99124999999999996
0.99134999999999995
0.99139999999999995
0.99151666666666671
0.99156666666666671
0.99163333333333337
0.99175000000000002
0.99180000000000001
0.99180000000000001
0.99185000000000001
0.9919
0.99196666666666666
0.99199999999999999
0.99206666666666665
0.99213333333333331
0.99218333333333331
0.99229999999999996
0.99233333333333329
0.99245000000000005
0.99258333333333337
0.9926666666666667
0.99270000000000003
0.99278333333333335
0.99283333333333335
0.9929
0.99293333333333333
0.99301666666666666
0.99306666666666665
0.99313333333333331
0.99319999999999997
0.99319999999999997
0.99324999999999997
0.99329999999999996
0.99339999999999995
0.99348333333333338
0.99356666666666671
0.99358333333333337
0.9936166666666667
0.99371666666666669
0.99375000000000002
0.99380000000000002
0.99383333333333335
0.99385000000000001
0.99399999999999999
0.99404999999999999
0.99408333333333332
0.99406666666666665
0.99408333333333332
0.99414999999999998
0.9942333333333333
0.99429999999999996
0.99431666666666663
0.99431666666666663
0.99438333333333329
0.99444999999999995
0.99451666666666672
0.99458333333333337
0.99458333333333337
0.9946166666666667
0.99463333333333337
0.99468333333333336
0.99478333333333335
0.99480000000000002
0.99491666666666667
0.99496666666666667
0.99501666666666666
0.99506666666666665
0.99511666666666665
0.99514999999999998
0.99514999999999998
0.99514999999999998
0.99516666666666664
0.99519999999999997
0.9952333333333333
0.9952333333333333
0.99526666666666663
0.99531666666666663
0.99533333333333329
0.99531666666666663
0.99538333333333329
0.99536666666666662
0.99541666666666662
0.99544999999999995
0.99548333333333339
0.99555000000000005
0.99561666666666671
0.99571666666666669
0.99578333333333335
0.99578333333333335
0.99581666666666668
0.99583333333333335
0.99590000000000001
0.99593333333333334
0.99591666666666667
0.99595
0.99596666666666667
0.99601666666666666
0.99604999999999999
0.99613333333333332
0.99616666666666664
0.9962333333333333
0.99621666666666664
0.99624999999999997
0.99624999999999997
0.99626666666666663
0.99624999999999997
0.99624999999999997
0.9962833333333333
0.9962833333333333
0.99629999999999996
0.99631666666666663
0.99636666666666662
0.99643333333333328
0.99643333333333328
0.99648333333333339
0.99651666666666672
0.99653333333333338
0.99656666666666671
0.99656666666666671
0.99660000000000004
0.99661666666666671
0.99665000000000004
0.99670000000000003
0.99668333333333337
0.99670000000000003
0.99676666666666669
0.99680000000000002
0.99683333333333335
0.99685000000000001
0.99686666666666668
0.99688333333333334
0.99693333333333334
0.99698333333333333
0.99698333333333333
0.997
0.99701666666666666
0.99701666666666666
0.99704999999999999
