6.226800000000000113e-01
7.287200000000000344e-01
8.065200000000000147e-01
8.323599999999999888e-01
8.546399999999999553e-01
8.692400000000000126e-01
8.719999999999999973e-01
8.829599999999999671e-01
8.907599999999999962e-01
9.005600000000000271e-01
9.095600000000000351e-01
8.946800000000000308e-01
9.021599999999999620e-01
9.242799999999999905e-01
9.043200000000000127e-01
9.143999999999999906e-01
9.074400000000000244e-01
9.402399999999999647e-01
9.461199999999999610e-01
9.465599999999999570e-01
9.527600000000000513e-01
9.512399999999999745e-01
9.592000000000000526e-01
9.359600000000000142e-01
9.640400000000000080e-01
9.557999999999999829e-01
8.931200000000000250e-01
9.634399999999999631e-01
9.206400000000000139e-01
9.414000000000000146e-01
