6.212400000000000144e-01
7.521600000000000508e-01
8.115999999999999881e-01
8.444800000000000084e-01
8.612400000000000055e-01
8.771999999999999797e-01
8.859599999999999698e-01
8.900000000000000133e-01
8.931200000000000250e-01
9.008800000000000141e-01
9.083999999999999853e-01
9.147199999999999775e-01
9.096800000000000441e-01
9.192000000000000171e-01
9.292000000000000259e-01
9.322000000000000286e-01
9.396799999999999597e-01
9.468800000000000550e-01
9.508799999999999475e-01
9.528400000000000203e-01
9.387999999999999678e-01
9.418800000000000505e-01
9.550400000000000000e-01
9.340399999999999814e-01
9.611600000000000144e-01
9.276400000000000201e-01
9.592800000000000216e-01
9.535200000000000342e-01
9.612399999999999833e-01
9.360399999999999832e-01
