6.119599999999999485e-01
7.822799999999999754e-01
8.264000000000000234e-01
8.369600000000000373e-01
8.601999999999999647e-01
8.699200000000000266e-01
8.621999999999999664e-01
8.844800000000000439e-01
8.930799999999999850e-01
8.971200000000000285e-01
9.069599999999999884e-01
9.115199999999999969e-01
9.189599999999999991e-01
9.163599999999999524e-01
9.178800000000000292e-01
9.255999999999999783e-01
9.370399999999999840e-01
9.407200000000000006e-01
9.481199999999999628e-01
9.335999999999999854e-01
9.133999999999999897e-01
9.422399999999999665e-01
9.569199999999999928e-01
9.625200000000000422e-01
9.653599999999999959e-01
9.642800000000000260e-01
9.482000000000000428e-01
9.078000000000000513e-01
9.599999999999999645e-01
9.689200000000000035e-01
