6.197200000000000486e-01
7.721599999999999575e-01
8.157999999999999696e-01
8.428400000000000336e-01
8.549600000000000533e-01
8.641999999999999682e-01
8.753600000000000270e-01
8.793999999999999595e-01
8.930799999999999850e-01
9.051200000000000356e-01
9.147199999999999775e-01
9.126400000000000068e-01
9.096800000000000441e-01
9.204400000000000359e-01
9.244400000000000395e-01
9.223999999999999977e-01
9.290800000000000169e-01
9.400399999999999867e-01
9.494399999999999507e-01
9.542399999999999771e-01
9.556799999999999740e-01
9.435200000000000253e-01
9.273599999999999621e-01
9.576000000000000068e-01
9.219199999999999617e-01
8.880400000000000515e-01
9.452000000000000401e-01
9.530399999999999983e-01
9.700400000000000134e-01
9.615599999999999703e-01
