6.180799999999999628e-01
7.697199999999999598e-01
8.196799999999999642e-01
8.393199999999999550e-01
8.559999999999999831e-01
8.623600000000000154e-01
8.772400000000000198e-01
8.877199999999999536e-01
8.968000000000000416e-01
9.033200000000000118e-01
9.112400000000000500e-01
9.154799999999999605e-01
9.237999999999999545e-01
9.255999999999999783e-01
9.262399999999999523e-01
9.289199999999999680e-01
9.368800000000000461e-01
9.459999999999999520e-01
9.360800000000000232e-01
9.404000000000000137e-01
9.446400000000000352e-01
9.543199999999999461e-01
9.554799999999999960e-01
9.369199999999999751e-01
9.449999999999999512e-01
9.324000000000000066e-01
9.110000000000000320e-01
9.514000000000000234e-01
9.603199999999999514e-01
9.399600000000000177e-01
