9.227166666666666295e-01
9.582666666666667110e-01
9.695333333333333581e-01
9.751333333333332964e-01
9.786833333333333496e-01
9.813166666666666149e-01
9.830333333333333146e-01
9.846500000000000252e-01
9.861666666666666359e-01
9.872666666666666258e-01
9.886166666666666991e-01
9.896666666666666945e-01
9.904666666666667174e-01
9.911166666666666458e-01
9.916833333333333611e-01
9.920999999999999819e-01
9.925166666666667137e-01
9.928833333333333400e-01
9.934333333333332794e-01
9.938833333333333409e-01
9.942999999999999616e-01
9.946500000000000341e-01
9.950333333333333252e-01
9.953166666666666273e-01
9.955666666666667108e-01
9.958500000000000130e-01
9.960999999999999854e-01
9.962833333333332986e-01
9.964333333333332821e-01
9.966666666666667007e-01
9.968333333333333490e-01
9.970499999999999918e-01
9.971999999999999753e-01
9.972999999999999643e-01
9.973833333333332885e-01
9.975000000000000533e-01
9.976333333333333719e-01
9.978833333333333444e-01
9.979999999999999982e-01
9.980833333333333224e-01
9.982499999999999707e-01
9.983833333333332893e-01
9.985000000000000542e-01
9.986500000000000377e-01
9.987166666666666970e-01
9.987833333333333563e-01
9.987833333333333563e-01
9.988666666666666805e-01
9.989500000000000046e-01
9.990166666666666639e-01
9.990499999999999936e-01
9.991166666666666529e-01
9.992166666666666419e-01
9.992499999999999716e-01
9.992666666666666364e-01
9.992999999999999661e-01
9.993166666666666309e-01
9.993499999999999606e-01
9.993833333333332902e-01
9.993999999999999551e-01
9.994499999999999496e-01
9.994666666666666144e-01
9.994666666666666144e-01
9.995000000000000551e-01
9.995500000000000496e-01
9.995666666666667144e-01
9.995833333333333792e-01
9.995833333333333792e-01
9.995833333333333792e-01
9.996666666666667034e-01
9.996666666666667034e-01
9.997166666666666979e-01
9.997166666666666979e-01
9.997500000000000275e-01
9.997833333333333572e-01
9.998000000000000220e-01
9.998166666666666869e-01
9.998500000000000165e-01
9.998500000000000165e-01
9.998500000000000165e-01
9.998500000000000165e-01
9.998666666666666814e-01
9.998666666666666814e-01
9.998833333333333462e-01
9.998833333333333462e-01
9.998833333333333462e-01
9.998833333333333462e-01
9.998833333333333462e-01
9.999166666666666758e-01
9.999166666666666758e-01
9.999166666666666758e-01
9.999166666666666758e-01
9.999166666666666758e-01
9.999166666666666758e-01
9.999333333333333407e-01
9.999500000000000055e-01
9.999666666666666703e-01
9.999666666666666703e-01
9.999666666666666703e-01
9.999666666666666703e-01
9.999666666666666703e-01
9.999666666666666703e-01
9.999833333333333352e-01
9.999833333333333352e-01
9.999833333333333352e-01
9.999833333333333352e-01
9.999833333333333352e-01
9.999833333333333352e-01
9.999833333333333352e-01
9.999833333333333352e-01
1.000000000000000000e+00
1.000000000000000000e+00
1.000000000000000000e+00
1.000000000000000000e+00
1.000000000000000000e+00
1.000000000000000000e+00
1.000000000000000000e+00
1.000000000000000000e+00
1.000000000000000000e+00
1.000000000000000000e+00
1.000000000000000000e+00
1.000000000000000000e+00
1.000000000000000000e+00
1.000000000000000000e+00
1.000000000000000000e+00
1.000000000000000000e+00
1.000000000000000000e+00
1.000000000000000000e+00
1.000000000000000000e+00
1.000000000000000000e+00
1.000000000000000000e+00
1.000000000000000000e+00
1.000000000000000000e+00
1.000000000000000000e+00
1.000000000000000000e+00
1.000000000000000000e+00
1.000000000000000000e+00
1.000000000000000000e+00
1.000000000000000000e+00
1.000000000000000000e+00
1.000000000000000000e+00
1.000000000000000000e+00
1.000000000000000000e+00
1.000000000000000000e+00
1.000000000000000000e+00
1.000000000000000000e+00
1.000000000000000000e+00
1.000000000000000000e+00
1.000000000000000000e+00
1.000000000000000000e+00
1.000000000000000000e+00
1.000000000000000000e+00
1.000000000000000000e+00
1.000000000000000000e+00
1.000000000000000000e+00
1.000000000000000000e+00
1.000000000000000000e+00
1.000000000000000000e+00
1.000000000000000000e+00
1.000000000000000000e+00
1.000000000000000000e+00
1.000000000000000000e+00
1.000000000000000000e+00
1.000000000000000000e+00
1.000000000000000000e+00
1.000000000000000000e+00
1.000000000000000000e+00
1.000000000000000000e+00
1.000000000000000000e+00
1.000000000000000000e+00
1.000000000000000000e+00
1.000000000000000000e+00
1.000000000000000000e+00
1.000000000000000000e+00
1.000000000000000000e+00
1.000000000000000000e+00
1.000000000000000000e+00
1.000000000000000000e+00
1.000000000000000000e+00
1.000000000000000000e+00
1.000000000000000000e+00
1.000000000000000000e+00
1.000000000000000000e+00
1.000000000000000000e+00
1.000000000000000000e+00
1.000000000000000000e+00
1.000000000000000000e+00
1.000000000000000000e+00
1.000000000000000000e+00
1.000000000000000000e+00
1.000000000000000000e+00
1.000000000000000000e+00
1.000000000000000000e+00
1.000000000000000000e+00
1.000000000000000000e+00
1.000000000000000000e+00
1.000000000000000000e+00
1.000000000000000000e+00
1.000000000000000000e+00
1.000000000000000000e+00
