9.057666666666667199e-01
9.494666666666666810e-01
9.658999999999999808e-01
9.734166666666667078e-01
9.784333333333333771e-01
9.809166666666666590e-01
9.829333333333333256e-01
9.846333333333333604e-01
9.861999999999999655e-01
9.875500000000000389e-01
9.883999999999999453e-01
9.891833333333333034e-01
9.899999999999999911e-01
9.904833333333333822e-01
9.911833333333333051e-01
9.916666666666666963e-01
9.921333333333333115e-01
9.926000000000000378e-01
9.933499999999999552e-01
9.938333333333333464e-01
9.941999999999999726e-01
9.945666666666667100e-01
9.948500000000000121e-01
9.951333333333333142e-01
9.954333333333332812e-01
9.956166666666667053e-01
9.958833333333333426e-01
9.961666666666666448e-01
9.963166666666666282e-01
9.965000000000000524e-01
9.967666666666666897e-01
9.969999999999999973e-01
9.972666666666666346e-01
9.975000000000000533e-01
9.976333333333333719e-01
9.977833333333333554e-01
9.979500000000000037e-01
9.980833333333333224e-01
9.981499999999999817e-01
9.982666666666666355e-01
9.983833333333332893e-01
9.985000000000000542e-01
9.985500000000000487e-01
9.986000000000000432e-01
9.987000000000000322e-01
9.988166666666666860e-01
9.988833333333333453e-01
9.989833333333333343e-01
9.990499999999999936e-01
9.990833333333333233e-01
9.991166666666666529e-01
9.991666666666666474e-01
9.992499999999999716e-01
9.992666666666666364e-01
9.993499999999999606e-01
9.993833333333332902e-01
9.994499999999999496e-01
9.994666666666666144e-01
9.995166666666667199e-01
9.995333333333333847e-01
9.995500000000000496e-01
9.995666666666667144e-01
9.996000000000000441e-01
9.996333333333333737e-01
9.996500000000000385e-01
9.996666666666667034e-01
9.996666666666667034e-01
9.997333333333333627e-01
9.997666666666666924e-01
9.998000000000000220e-01
9.998000000000000220e-01
9.998000000000000220e-01
9.998166666666666869e-01
9.998333333333333517e-01
9.998333333333333517e-01
9.998500000000000165e-01
9.998500000000000165e-01
9.998500000000000165e-01
9.998500000000000165e-01
9.998833333333333462e-01
9.998833333333333462e-01
9.999000000000000110e-01
9.999000000000000110e-01
9.999000000000000110e-01
9.999000000000000110e-01
9.999166666666666758e-01
9.999166666666666758e-01
9.999166666666666758e-01
9.999166666666666758e-01
9.999166666666666758e-01
9.999166666666666758e-01
9.999333333333333407e-01
9.999333333333333407e-01
9.999333333333333407e-01
9.999333333333333407e-01
9.999333333333333407e-01
9.999500000000000055e-01
9.999500000000000055e-01
9.999666666666666703e-01
9.999833333333333352e-01
9.999833333333333352e-01
9.999833333333333352e-01
9.999833333333333352e-01
9.999833333333333352e-01
9.999833333333333352e-01
9.999833333333333352e-01
9.999833333333333352e-01
9.999833333333333352e-01
1.000000000000000000e+00
1.000000000000000000e+00
1.000000000000000000e+00
1.000000000000000000e+00
1.000000000000000000e+00
1.000000000000000000e+00
1.000000000000000000e+00
1.000000000000000000e+00
1.000000000000000000e+00
1.000000000000000000e+00
1.000000000000000000e+00
1.000000000000000000e+00
1.000000000000000000e+00
1.000000000000000000e+00
1.000000000000000000e+00
1.000000000000000000e+00
1.000000000000000000e+00
1.000000000000000000e+00
1.000000000000000000e+00
1.000000000000000000e+00
1.000000000000000000e+00
1.000000000000000000e+00
1.000000000000000000e+00
1.000000000000000000e+00
1.000000000000000000e+00
1.000000000000000000e+00
1.000000000000000000e+00
1.000000000000000000e+00
1.000000000000000000e+00
1.000000000000000000e+00
1.000000000000000000e+00
1.000000000000000000e+00
1.000000000000000000e+00
1.000000000000000000e+00
1.000000000000000000e+00
1.000000000000000000e+00
1.000000000000000000e+00
1.000000000000000000e+00
1.000000000000000000e+00
1.000000000000000000e+00
1.000000000000000000e+00
1.000000000000000000e+00
1.000000000000000000e+00
1.000000000000000000e+00
1.000000000000000000e+00
1.000000000000000000e+00
1.000000000000000000e+00
1.000000000000000000e+00
1.000000000000000000e+00
1.000000000000000000e+00
1.000000000000000000e+00
1.000000000000000000e+00
1.000000000000000000e+00
1.000000000000000000e+00
1.000000000000000000e+00
1.000000000000000000e+00
1.000000000000000000e+00
1.000000000000000000e+00
1.000000000000000000e+00
1.000000000000000000e+00
1.000000000000000000e+00
1.000000000000000000e+00
1.000000000000000000e+00
1.000000000000000000e+00
1.000000000000000000e+00
1.000000000000000000e+00
1.000000000000000000e+00
1.000000000000000000e+00
1.000000000000000000e+00
1.000000000000000000e+00
1.000000000000000000e+00
1.000000000000000000e+00
1.000000000000000000e+00
1.000000000000000000e+00
1.000000000000000000e+00
1.000000000000000000e+00
1.000000000000000000e+00
1.000000000000000000e+00
1.000000000000000000e+00
1.000000000000000000e+00
1.000000000000000000e+00
1.000000000000000000e+00
1.000000000000000000e+00
1.000000000000000000e+00
1.000000000000000000e+00
1.000000000000000000e+00
1.000000000000000000e+00
1.000000000000000000e+00
1.000000000000000000e+00
1.000000000000000000e+00
1.000000000000000000e+00
1.000000000000000000e+00
