9.117166666666666197e-01
9.532333333333333769e-01
9.670166666666666355e-01
9.735166666666666968e-01
9.779666666666666508e-01
9.809999999999999831e-01
9.830833333333333091e-01
9.848000000000000087e-01
9.866000000000000325e-01
9.878166666666666762e-01
9.886500000000000288e-01
9.892999999999999572e-01
9.899166666666666670e-01
9.907833333333333492e-01
9.913166666666666238e-01
9.918333333333333446e-01
9.922833333333332950e-01
9.926833333333333620e-01
9.931499999999999773e-01
9.935166666666667146e-01
9.939500000000000002e-01
9.941666666666666430e-01
9.945000000000000506e-01
9.948166666666666824e-01
9.951166666666666494e-01
9.954499999999999460e-01
9.958166666666666833e-01
9.962666666666666337e-01
9.965500000000000469e-01
9.968166666666666842e-01
9.970833333333333215e-01
9.972666666666666346e-01
9.975000000000000533e-01
9.977166666666666961e-01
9.978833333333333444e-01
9.979999999999999982e-01
9.981166666666666520e-01
9.982333333333333059e-01
9.984166666666666190e-01
9.985666666666667135e-01
9.986833333333333673e-01
9.987500000000000266e-01
9.988166666666666860e-01
9.988500000000000156e-01
9.989000000000000101e-01
9.989999999999999991e-01
9.990833333333333233e-01
9.991499999999999826e-01
9.991499999999999826e-01
9.992166666666666419e-01
9.992333333333333067e-01
9.992833333333333012e-01
9.992999999999999661e-01
9.993333333333332957e-01
9.993666666666666254e-01
9.994166666666666199e-01
9.994666666666666144e-01
9.994833333333332792e-01
9.996000000000000441e-01
9.996166666666667089e-01
9.996166666666667089e-01
9.996333333333333737e-01
9.996333333333333737e-01
9.996666666666667034e-01
9.997333333333333627e-01
9.997500000000000275e-01
9.997666666666666924e-01
9.998166666666666869e-01
9.998166666666666869e-01
9.998333333333333517e-01
9.998500000000000165e-01
9.998666666666666814e-01
9.998666666666666814e-01
9.998666666666666814e-01
9.998666666666666814e-01
9.998666666666666814e-01
9.998666666666666814e-01
9.998666666666666814e-01
9.998833333333333462e-01
9.999000000000000110e-01
9.999000000000000110e-01
9.999000000000000110e-01
9.999166666666666758e-01
9.999166666666666758e-01
9.999166666666666758e-01
9.999166666666666758e-01
9.999166666666666758e-01
9.999166666666666758e-01
9.999333333333333407e-01
9.999500000000000055e-01
9.999500000000000055e-01
9.999666666666666703e-01
9.999666666666666703e-01
9.999666666666666703e-01
9.999666666666666703e-01
9.999666666666666703e-01
9.999666666666666703e-01
9.999833333333333352e-01
9.999833333333333352e-01
9.999833333333333352e-01
9.999833333333333352e-01
1.000000000000000000e+00
1.000000000000000000e+00
1.000000000000000000e+00
1.000000000000000000e+00
1.000000000000000000e+00
1.000000000000000000e+00
1.000000000000000000e+00
1.000000000000000000e+00
1.000000000000000000e+00
1.000000000000000000e+00
1.000000000000000000e+00
1.000000000000000000e+00
1.000000000000000000e+00
1.000000000000000000e+00
1.000000000000000000e+00
1.000000000000000000e+00
1.000000000000000000e+00
1.000000000000000000e+00
1.000000000000000000e+00
1.000000000000000000e+00
1.000000000000000000e+00
1.000000000000000000e+00
1.000000000000000000e+00
1.000000000000000000e+00
1.000000000000000000e+00
1.000000000000000000e+00
1.000000000000000000e+00
1.000000000000000000e+00
1.000000000000000000e+00
1.000000000000000000e+00
1.000000000000000000e+00
1.000000000000000000e+00
1.000000000000000000e+00
1.000000000000000000e+00
1.000000000000000000e+00
1.000000000000000000e+00
1.000000000000000000e+00
1.000000000000000000e+00
1.000000000000000000e+00
1.000000000000000000e+00
1.000000000000000000e+00
1.000000000000000000e+00
1.000000000000000000e+00
1.000000000000000000e+00
1.000000000000000000e+00
1.000000000000000000e+00
1.000000000000000000e+00
1.000000000000000000e+00
1.000000000000000000e+00
1.000000000000000000e+00
1.000000000000000000e+00
1.000000000000000000e+00
1.000000000000000000e+00
1.000000000000000000e+00
1.000000000000000000e+00
1.000000000000000000e+00
1.000000000000000000e+00
1.000000000000000000e+00
1.000000000000000000e+00
1.000000000000000000e+00
1.000000000000000000e+00
1.000000000000000000e+00
1.000000000000000000e+00
1.000000000000000000e+00
1.000000000000000000e+00
1.000000000000000000e+00
1.000000000000000000e+00
1.000000000000000000e+00
1.000000000000000000e+00
1.000000000000000000e+00
1.000000000000000000e+00
1.000000000000000000e+00
1.000000000000000000e+00
1.000000000000000000e+00
1.000000000000000000e+00
1.000000000000000000e+00
1.000000000000000000e+00
1.000000000000000000e+00
1.000000000000000000e+00
1.000000000000000000e+00
1.000000000000000000e+00
1.000000000000000000e+00
1.000000000000000000e+00
1.000000000000000000e+00
1.000000000000000000e+00
1.000000000000000000e+00
1.000000000000000000e+00
1.000000000000000000e+00
1.000000000000000000e+00
1.000000000000000000e+00
1.000000000000000000e+00
1.000000000000000000e+00
1.000000000000000000e+00
1.000000000000000000e+00
1.000000000000000000e+00
1.000000000000000000e+00
1.000000000000000000e+00
1.000000000000000000e+00
1.000000000000000000e+00
