9.069500000000000339e-01
9.528499999999999748e-01
9.675666666666666860e-01
9.744166666666667087e-01
9.784166666666667123e-01
9.812166666666666259e-01
9.831499999999999684e-01
9.848500000000000032e-01
9.860499999999999821e-01
9.873499999999999499e-01
9.883833333333332805e-01
9.894833333333333814e-01
9.902833333333332932e-01
9.910499999999999865e-01
9.916500000000000314e-01
9.922333333333333005e-01
9.925833333333333730e-01
9.930833333333333179e-01
9.935333333333333794e-01
9.939000000000000057e-01
9.943166666666666265e-01
9.947166666666666934e-01
9.951666666666666439e-01
9.954833333333333867e-01
9.958166666666666833e-01
9.961833333333333096e-01
9.965166666666667172e-01
9.966833333333333655e-01
9.969000000000000083e-01
9.970666666666666567e-01
9.972666666666666346e-01
9.974333333333332829e-01
9.975500000000000478e-01
9.976500000000000368e-01
9.977166666666666961e-01
9.978666666666666796e-01
9.979999999999999982e-01
9.981166666666666520e-01
9.983166666666666300e-01
9.984333333333332838e-01
9.985333333333333838e-01
9.986333333333333728e-01
9.987500000000000266e-01
9.988166666666666860e-01
9.989166666666666750e-01
9.989999999999999991e-01
9.990666666666666584e-01
9.991333333333333178e-01
9.991833333333333123e-01
9.992499999999999716e-01
9.992666666666666364e-01
9.993166666666666309e-01
9.993666666666666254e-01
9.994333333333332847e-01
9.994666666666666144e-01
9.995000000000000551e-01
9.995000000000000551e-01
9.995333333333333847e-01
9.995500000000000496e-01
9.996166666666667089e-01
9.996333333333333737e-01
9.996833333333333682e-01
9.996833333333333682e-01
9.996833333333333682e-01
9.997500000000000275e-01
9.997666666666666924e-01
9.997833333333333572e-01
9.997833333333333572e-01
9.998000000000000220e-01
9.998000000000000220e-01
9.998000000000000220e-01
9.998166666666666869e-01
9.998333333333333517e-01
9.998833333333333462e-01
9.998833333333333462e-01
9.998833333333333462e-01
9.998833333333333462e-01
9.999166666666666758e-01
9.999333333333333407e-01
9.999333333333333407e-01
9.999333333333333407e-01
9.999333333333333407e-01
9.999333333333333407e-01
9.999500000000000055e-01
9.999500000000000055e-01
9.999500000000000055e-01
9.999500000000000055e-01
9.999500000000000055e-01
9.999500000000000055e-01
9.999500000000000055e-01
9.999500000000000055e-01
9.999500000000000055e-01
9.999500000000000055e-01
9.999500000000000055e-01
9.999500000000000055e-01
9.999500000000000055e-01
9.999500000000000055e-01
9.999500000000000055e-01
9.999500000000000055e-01
9.999500000000000055e-01
9.999500000000000055e-01
9.999500000000000055e-01
9.999500000000000055e-01
9.999500000000000055e-01
9.999500000000000055e-01
9.999500000000000055e-01
9.999500000000000055e-01
9.999833333333333352e-01
9.999833333333333352e-01
9.999833333333333352e-01
9.999833333333333352e-01
1.000000000000000000e+00
1.000000000000000000e+00
1.000000000000000000e+00
1.000000000000000000e+00
1.000000000000000000e+00
1.000000000000000000e+00
1.000000000000000000e+00
1.000000000000000000e+00
1.000000000000000000e+00
1.000000000000000000e+00
1.000000000000000000e+00
1.000000000000000000e+00
1.000000000000000000e+00
1.000000000000000000e+00
1.000000000000000000e+00
1.000000000000000000e+00
1.000000000000000000e+00
1.000000000000000000e+00
1.000000000000000000e+00
1.000000000000000000e+00
1.000000000000000000e+00
1.000000000000000000e+00
1.000000000000000000e+00
1.000000000000000000e+00
1.000000000000000000e+00
1.000000000000000000e+00
1.000000000000000000e+00
1.000000000000000000e+00
1.000000000000000000e+00
1.000000000000000000e+00
1.000000000000000000e+00
1.000000000000000000e+00
1.000000000000000000e+00
1.000000000000000000e+00
1.000000000000000000e+00
1.000000000000000000e+00
1.000000000000000000e+00
1.000000000000000000e+00
1.000000000000000000e+00
1.000000000000000000e+00
1.000000000000000000e+00
1.000000000000000000e+00
1.000000000000000000e+00
1.000000000000000000e+00
1.000000000000000000e+00
1.000000000000000000e+00
1.000000000000000000e+00
1.000000000000000000e+00
1.000000000000000000e+00
1.000000000000000000e+00
1.000000000000000000e+00
1.000000000000000000e+00
1.000000000000000000e+00
1.000000000000000000e+00
1.000000000000000000e+00
1.000000000000000000e+00
1.000000000000000000e+00
1.000000000000000000e+00
1.000000000000000000e+00
1.000000000000000000e+00
1.000000000000000000e+00
1.000000000000000000e+00
1.000000000000000000e+00
1.000000000000000000e+00
1.000000000000000000e+00
1.000000000000000000e+00
1.000000000000000000e+00
1.000000000000000000e+00
1.000000000000000000e+00
1.000000000000000000e+00
1.000000000000000000e+00
1.000000000000000000e+00
1.000000000000000000e+00
1.000000000000000000e+00
1.000000000000000000e+00
1.000000000000000000e+00
1.000000000000000000e+00
1.000000000000000000e+00
1.000000000000000000e+00
1.000000000000000000e+00
1.000000000000000000e+00
1.000000000000000000e+00
1.000000000000000000e+00
1.000000000000000000e+00
1.000000000000000000e+00
1.000000000000000000e+00
1.000000000000000000e+00
1.000000000000000000e+00
1.000000000000000000e+00
