9.290666666666667073e-01
9.593666666666667009e-01
9.700999999999999623e-01
9.758833333333333249e-01
9.798166666666666691e-01
9.820999999999999730e-01
9.840666666666666451e-01
9.853666666666666130e-01
9.867833333333333456e-01
9.879499999999999948e-01
9.890499999999999847e-01
9.898666666666666725e-01
9.904500000000000526e-01
9.908166666666666789e-01
9.914833333333333831e-01
9.917833333333333501e-01
9.923499999999999543e-01
9.927333333333333565e-01
9.932333333333333014e-01
9.936666666666666980e-01
9.939666666666666650e-01
9.942333333333333023e-01
9.945666666666667100e-01
9.948833333333333417e-01
9.949833333333333307e-01
9.952333333333333032e-01
9.955000000000000515e-01
9.958000000000000185e-01
9.959833333333333316e-01
9.962166666666666393e-01
9.965333333333333821e-01
9.967166666666666952e-01
9.968833333333333435e-01
9.969999999999999973e-01
9.971166666666666512e-01
9.972999999999999643e-01
9.973999999999999533e-01
9.974666666666666126e-01
9.975833333333333774e-01
9.977666666666666906e-01
9.979500000000000037e-01
9.981499999999999817e-01
9.982999999999999652e-01
9.984833333333332783e-01
9.987000000000000322e-01
9.987500000000000266e-01
9.988500000000000156e-01
9.988833333333333453e-01
9.989500000000000046e-01
9.990166666666666639e-01
9.990499999999999936e-01
9.990999999999999881e-01
9.991166666666666529e-01
9.991666666666666474e-01
9.991999999999999771e-01
9.992499999999999716e-01
9.993499999999999606e-01
9.993999999999999551e-01
9.994333333333332847e-01
9.994666666666666144e-01
9.995000000000000551e-01
9.995000000000000551e-01
9.995000000000000551e-01
9.995166666666667199e-01
9.995500000000000496e-01
9.995500000000000496e-01
9.995666666666667144e-01
9.995666666666667144e-01
9.996000000000000441e-01
9.996333333333333737e-01
9.996500000000000385e-01
9.996666666666667034e-01
9.996666666666667034e-01
9.996833333333333682e-01
9.996833333333333682e-01
9.997000000000000330e-01
9.997166666666666979e-01
9.997500000000000275e-01
9.997500000000000275e-01
9.997500000000000275e-01
9.997500000000000275e-01
9.997833333333333572e-01
9.998166666666666869e-01
9.998166666666666869e-01
9.998166666666666869e-01
9.998333333333333517e-01
9.998333333333333517e-01
9.998333333333333517e-01
9.998333333333333517e-01
9.998500000000000165e-01
9.998500000000000165e-01
9.998666666666666814e-01
9.998666666666666814e-01
9.998666666666666814e-01
9.998833333333333462e-01
9.999000000000000110e-01
9.999166666666666758e-01
9.999166666666666758e-01
9.999166666666666758e-01
9.999166666666666758e-01
9.999166666666666758e-01
9.999166666666666758e-01
9.999333333333333407e-01
9.999333333333333407e-01
9.999500000000000055e-01
9.999500000000000055e-01
9.999500000000000055e-01
9.999666666666666703e-01
9.999666666666666703e-01
9.999666666666666703e-01
9.999666666666666703e-01
9.999666666666666703e-01
9.999666666666666703e-01
1.000000000000000000e+00
1.000000000000000000e+00
1.000000000000000000e+00
1.000000000000000000e+00
1.000000000000000000e+00
1.000000000000000000e+00
1.000000000000000000e+00
1.000000000000000000e+00
1.000000000000000000e+00
1.000000000000000000e+00
1.000000000000000000e+00
1.000000000000000000e+00
1.000000000000000000e+00
1.000000000000000000e+00
1.000000000000000000e+00
1.000000000000000000e+00
1.000000000000000000e+00
1.000000000000000000e+00
1.000000000000000000e+00
1.000000000000000000e+00
1.000000000000000000e+00
1.000000000000000000e+00
1.000000000000000000e+00
1.000000000000000000e+00
1.000000000000000000e+00
1.000000000000000000e+00
1.000000000000000000e+00
1.000000000000000000e+00
1.000000000000000000e+00
1.000000000000000000e+00
1.000000000000000000e+00
1.000000000000000000e+00
1.000000000000000000e+00
1.000000000000000000e+00
1.000000000000000000e+00
1.000000000000000000e+00
1.000000000000000000e+00
1.000000000000000000e+00
1.000000000000000000e+00
1.000000000000000000e+00
1.000000000000000000e+00
1.000000000000000000e+00
1.000000000000000000e+00
1.000000000000000000e+00
1.000000000000000000e+00
1.000000000000000000e+00
1.000000000000000000e+00
1.000000000000000000e+00
1.000000000000000000e+00
1.000000000000000000e+00
1.000000000000000000e+00
1.000000000000000000e+00
1.000000000000000000e+00
1.000000000000000000e+00
1.000000000000000000e+00
1.000000000000000000e+00
1.000000000000000000e+00
1.000000000000000000e+00
1.000000000000000000e+00
1.000000000000000000e+00
1.000000000000000000e+00
1.000000000000000000e+00
1.000000000000000000e+00
1.000000000000000000e+00
1.000000000000000000e+00
1.000000000000000000e+00
1.000000000000000000e+00
1.000000000000000000e+00
1.000000000000000000e+00
1.000000000000000000e+00
1.000000000000000000e+00
1.000000000000000000e+00
1.000000000000000000e+00
1.000000000000000000e+00
1.000000000000000000e+00
1.000000000000000000e+00
1.000000000000000000e+00
1.000000000000000000e+00
1.000000000000000000e+00
1.000000000000000000e+00
1.000000000000000000e+00
1.000000000000000000e+00
1.000000000000000000e+00
1.000000000000000000e+00
1.000000000000000000e+00
1.000000000000000000e+00
1.000000000000000000e+00
